a.         a                {122:18,59,75,83,93,99,109,116,119,137,141,147,152,164,170,179,183,191,200,203,206,207,221,223,224,226,237,239,245,277,300,322,340,348,354,362,393,401,408,411,424,445,445,453,458,461,467,489,523,533,536,544,558,578,588,600,611,621,621,623,639,646,672,694,710,713,717,725,731,753,755,783,783,791,792,802,807,807,835,849,853,857,863,866,876,879,879,884,892,982,1016,1033,1038,1042,1044,1050,1066,1074,1078,1092,1107,1107,1110,1135,1141,1144,1150,1162,1163,1167,1171,1178,1187,1204,1226,1234,1235,1272,1304,1315,1316,1322}
b.         a.               {7:6,306,308,561,687,981,1333}
c.         ac               {137:3,11,27,28,44,54,62,65,73,79,83,105,109,115,115,126,153,161,170,190,191,201,207,215,231,251,266,273,292,294,306,308,344,347,364,364,366,370,370,386,390,397,405,406,410,410,442,458,469,473,477,490,516,522,529,548,552,556,574,574,599,601,602,608,611,612,619,635,646,652,659,660,663,667,670,670,691,696,699,718,722,726,730,731,795,797,797,803,809,814,820,822,825,834,840,848,875,877,878,888,914,943,955,961,972,974,987,1003,1023,1031,1034,1044,1053,1062,1080,1099,1109,1122,1146,1149,1154,1158,1158,1167,1174,1188,1189,1190,1236,1250,1291,1293,1297,1302,1304,1308,1318}
d.         accumsan         {37:36,45,108,129,137,149,149,202,254,258,308,327,354,387,489,496,527,543,549,551,587,632,639,673,773,793,830,878,941,975,1065,1098,1204,1247,1267,1274,1285}
e.         ad               {5:337,607,629,700,1310}
f.         adipiscing       {9:1,270,460,571,650,723,747,950,978}
g.         Aenean           {3:18,516,753}
h.         aenean           {40:55,89,108,123,130,134,168,170,249,299,309,323,333,360,389,401,435,445,478,504,539,560,580,614,642,666,735,766,779,803,809,852,877,944,1004,1033,1037,1243,1295,1326}
i.         aliquam          {74:6,23,58,62,65,65,84,89,145,148,156,174,219,234,250,254,269,277,300,314,349,352,356,366,391,417,432,498,524,524,541,582,588,602,604,614,617,628,703,713,730,762,775,780,819,841,845,851,853,856,873,884,886,896,908,942,1000,1003,1010,1043,1088,1107,1113,1119,1146,1183,1218,1260,1300,1303,1307,1318,1323,1328}
j.         Aliquam          {20:71,185,195,310,422,561,595,682,687,755,823,837,904,958,995,1048,1097,1136,1286,1329}
k.         aliquet          {50:21,24,48,61,104,122,152,225,229,250,262,303,313,382,383,400,427,429,462,467,480,515,566,627,691,699,716,717,730,789,792,866,897,918,939,947,971,976,1032,1066,1070,1122,1153,1175,1197,1216,1254,1266,1312,1316}
l.         amet             {125:1,7,11,18,22,25,32,40,53,62,64,76,79,93,101,139,149,164,181,181,223,227,228,231,235,241,259,269,270,272,281,295,313,315,315,316,335,377,381,389,415,416,420,423,424,437,455,460,471,474,514,522,548,551,560,571,577,597,610,610,612,619,628,633,635,640,650,655,668,699,711,714,723,727,734,747,761,763,770,785,787,810,819,823,824,832,850,873,897,898,901,911,917,924,927,934,950,970,978,985,1004,1004,1011,1014,1015,1018,1031,1041,1046,1051,1053,1069,1076,1086,1091,1093,1099,1139,1148,1217,1228,1251,1264,1265,1271}
m.         ante             {65:16,35,42,63,95,99,137,160,174,200,207,215,238,241,251,281,281,294,344,353,382,452,469,510,540,596,652,657,682,691,703,728,729,762,763,781,798,810,815,818,823,833,845,846,861,888,943,968,1030,1044,1059,1076,1079,1084,1085,1139,1145,1149,1151,1167,1171,1201,1202,1203,1208}
n.         aptent           {5:337,607,629,700,1310}
o.         arcu             {66:33,81,101,103,115,146,148,231,231,252,305,325,329,370,381,401,416,451,463,471,532,551,552,614,619,619,628,628,632,658,674,682,732,745,753,791,794,815,836,903,908,924,942,945,964,979,998,1017,1024,1051,1072,1078,1102,1110,1159,1185,1188,1204,1216,1222,1239,1250,1263,1269,1276,1282}
p.         at               {118:12,15,21,22,23,63,67,88,89,126,136,141,142,145,149,150,190,196,197,202,229,238,243,246,258,267,267,268,279,307,311,312,329,347,349,362,372,384,399,430,435,437,450,451,456,457,457,478,479,486,488,491,492,494,518,519,521,554,567,588,588,609,632,641,651,657,665,686,686,706,745,746,762,788,790,814,824,825,845,846,852,884,885,887,894,903,908,932,933,964,965,969,1000,1005,1009,1029,1039,1047,1084,1085,1086,1109,1116,1127,1137,1151,1154,1171,1184,1211,1214,1223,1223,1290,1306,1309,1314,1330}
q.         auctor           {49:16,18,65,123,161,165,170,171,187,228,235,281,326,352,364,370,393,458,489,542,560,562,567,581,583,631,728,772,824,919,929,953,962,972,995,1000,1005,1009,1015,1024,1031,1061,1086,1117,1196,1261,1276,1321,1328}
r.         augue            {54:21,54,54,107,123,132,136,137,176,185,219,225,235,236,237,241,243,247,316,348,364,389,401,447,484,514,544,552,557,565,589,597,598,603,617,621,633,671,706,751,765,831,853,924,954,963,1018,1031,1044,1149,1191,1250,1295,1325}
s.         bibendum         {50:4,20,32,39,80,102,107,136,156,202,209,229,254,265,318,355,368,384,411,438,471,505,510,526,540,576,670,680,757,780,789,800,815,834,840,873,902,964,982,994,1027,1038,1079,1128,1136,1200,1206,1223,1252,1257}
t.         blandit          {57:3,6,20,21,36,69,134,154,187,207,263,335,335,366,394,404,406,417,427,434,471,472,590,619,624,647,668,684,761,772,810,819,822,855,924,925,966,995,997,1012,1013,1037,1098,1099,1141,1143,1143,1150,1183,1202,1206,1226,1232,1234,1263,1270,1324}
u.         class            {5:337,607,629,700,1310}
v.         commodo          {54:21,23,36,49,112,137,141,143,153,178,190,190,216,222,299,300,308,319,339,352,363,482,491,508,510,527,536,601,664,695,770,789,790,791,803,804,809,848,855,858,870,899,931,977,994,1024,1040,1092,1109,1185,1192,1258,1311,1321}
w.         condimentum      {53:9,37,39,59,100,128,129,131,169,180,222,227,298,354,391,403,427,438,466,496,538,556,599,646,682,682,688,728,762,811,815,861,869,884,901,932,946,948,972,1005,1036,1047,1055,1061,1077,1094,1105,1143,1187,1200,1306,1313,1317}
x.         congue           {46:43,115,183,188,213,243,269,308,313,316,350,592,611,615,630,649,680,682,726,766,788,802,804,823,842,879,893,896,908,919,964,999,1042,1044,1052,1061,1078,1095,1106,1123,1168,1203,1207,1259,1265,1314}
y.         consectetur      {54:1,10,15,82,169,173,226,246,270,280,283,295,319,323,338,340,347,368,376,399,460,495,553,571,589,616,650,662,663,672,672,672,714,722,723,747,763,787,828,839,848,857,861,865,950,978,1007,1132,1146,1172,1172,1187,1254,1284}
z.         consequat        {42:26,28,29,32,78,81,101,115,123,125,182,235,308,334,408,466,470,569,581,609,609,614,665,688,726,736,751,812,816,836,913,969,970,985,1057,1126,1167,1179,1203,1250,1259,1281}
aa.        conubia          {5:337,607,629,700,1310}
bb.        convallis        {48:35,122,134,194,199,236,307,310,339,357,404,483,506,556,557,559,562,569,600,620,628,643,667,726,736,761,798,832,878,896,919,928,955,957,980,994,1017,1067,1092,1134,1140,1158,1167,1185,1186,1272,1272,1296}
cc.        Cras             {16:41,158,408,463,470,483,540,646,740,777,817,909,989,1123,1152,1239}
dd.        cras             {29:67,83,122,133,154,155,263,293,325,362,459,538,577,684,773,827,831,878,930,996,1015,1038,1064,1074,1132,1142,1170,1190,1191}
ee.        cubilia          {7:294,657,781,818,846,1145,1201}
ff.        Curabitur        {42:38,63,78,110,111,164,173,281,318,326,355,431,477,498,576,588,603,636,716,720,751,752,804,826,859,869,874,887,899,983,1017,1046,1080,1126,1155,1180,1188,1199,1207,1219,1235,1319}
gg.        curae            {7:294,657,781,818,846,1145,1201}
hh.        cursus           {35:54,69,87,103,169,182,190,193,212,213,218,255,262,283,405,489,505,632,645,692,760,786,806,810,907,990,1003,1080,1097,1131,1193,1262,1295,1318,1320}
ii.        d                {120:5,6,9,16,27,32,36,40,48,57,60,81,85,104,106,117,160,178,207,214,221,227,247,261,284,296,301,333,338,343,384,417,434,440,443,448,470,483,504,508,514,514,523,559,587,601,606,620,620,640,678,682,688,689,704,718,767,769,776,814,815,820,822,838,844,844,855,857,865,866,874,892,892,898,900,904,913,933,936,945,963,963,971,977,1004,1012,1012,1021,1036,1036,1070,1092,1092,1105,1106,1117,1118,1136,1148,1165,1169,1180,1188,1203,1204,1218,1222,1233,1239,1267,1275,1285,1294,1295,1296,1298,1312,1317,1321,1332}
jj.        d.               {6:65,503,540,832,903,1288}
kk.        dapibus          {38:79,102,121,194,247,261,292,294,311,360,384,483,484,596,608,613,617,637,639,664,705,729,738,741,786,833,867,920,941,949,961,970,979,981,1101,1133,1151,1167}
ll.        diam             {68:21,38,39,77,127,148,155,194,196,245,268,269,278,361,361,394,399,423,445,479,504,516,540,548,566,573,584,600,612,640,645,667,685,717,726,727,735,755,786,800,807,826,842,847,861,896,925,932,948,969,1011,1030,1035,1038,1089,1095,1096,1099,1127,1142,1204,1207,1216,1241,1296,1299,1320,1331}
mm.        dictum           {52:16,65,171,209,239,263,272,299,314,317,321,366,371,378,426,451,468,483,497,521,574,621,649,712,755,761,761,763,768,775,815,816,849,867,868,885,905,1009,1027,1065,1085,1114,1117,1133,1156,1189,1204,1231,1240,1242,1259,1332}
nn.        dictumst         {3:702,862,1049}
oo.        dignissim        {42:5,11,14,52,140,196,197,208,291,307,325,333,377,414,504,516,527,538,584,628,642,684,691,785,800,820,829,846,865,910,929,949,989,1037,1074,1109,1132,1139,1187,1261,1314,1328}
pp.        dis              {5:275,402,669,921,1090}
qq.        dolor            {52:1,30,38,64,123,124,155,157,169,249,266,270,348,383,397,427,457,460,571,590,606,650,670,686,704,716,723,747,800,828,874,922,949,950,964,978,982,1012,1023,1024,1057,1150,1150,1193,1195,1217,1234,1269,1275,1280,1306,1330}
rr.        Donec            {84:3,4,14,28,46,56,69,86,88,90,114,127,148,151,186,191,218,231,234,241,255,266,278,312,324,341,356,361,377,392,397,400,424,441,464,467,511,512,515,520,523,528,549,554,558,596,597,615,619,622,630,653,655,681,691,718,739,790,811,825,828,849,903,922,957,970,971,981,982,990,991,993,1002,1053,1060,1069,1070,1078,1110,1125,1149,1301,1322,1324}
ss.        donec            {18:223,272,317,536,594,649,698,711,722,726,768,786,824,919,1055,1255,1277,1284}
tt.        dui              {74:4,18,20,32,43,49,54,78,129,159,212,229,229,272,272,288,293,297,300,307,312,323,385,394,395,403,410,427,434,445,448,488,533,537,551,569,573,642,657,674,688,718,726,735,744,764,768,787,812,813,855,885,889,913,922,924,934,966,976,980,995,997,1000,1039,1069,1189,1222,1224,1250,1257,1271,1279,1316,1322}
uu.        Duis             {31:8,70,102,119,121,271,315,368,393,444,453,469,474,533,548,621,661,665,673,728,744,764,821,929,962,1095,1107,1111,1220,1221,1300}
vv.        duis             {12:107,118,466,471,545,567,616,840,1059,1163,1294,1333}
ww.        efficitur        {37:22,62,115,142,158,164,171,257,281,286,288,394,447,474,520,520,564,619,621,657,738,749,762,829,1027,1093,1093,1102,1102,1132,1212,1220,1225,1301,1315,1317,1324}
xx.        egestas          {51:15,17,34,43,57,65,83,105,119,126,147,161,201,229,229,237,247,257,317,351,370,386,416,423,434,465,475,530,546,588,614,655,659,662,696,722,752,757,783,783,853,917,974,1062,1076,1101,1154,1161,1236,1272,1328}
yy.        eget             {136:4,7,10,24,40,42,63,70,81,82,92,103,108,125,157,158,166,174,174,195,196,206,207,208,212,216,233,252,315,323,349,361,365,368,376,379,382,383,400,429,431,443,453,462,475,483,487,496,497,504,509,512,532,540,543,559,564,578,583,584,585,614,619,638,653,658,664,665,674,719,734,739,756,757,758,764,788,788,831,846,855,889,890,892,922,934,942,956,958,959,977,983,993,999,1009,1020,1021,1038,1044,1047,1068,1089,1095,1096,1098,1100,1106,1108,1121,1125,1128,1129,1136,1171,1182,1183,1198,1202,1207,1208,1213,1224,1227,1230,1232,1250,1250,1257,1261,1275,1278,1300,1309,1313,1317,1321}
zz.        eleifend         {57:26,71,71,83,90,93,116,138,162,185,253,281,291,306,395,412,414,422,437,464,489,520,528,540,551,552,707,714,718,719,769,790,794,796,800,824,840,874,874,903,914,956,968,1064,1078,1094,1097,1099,1137,1166,1169,1181,1200,1231,1234,1285,1288}
aaa.       elementum        {46:58,62,103,128,128,130,153,164,166,167,229,288,334,362,366,442,458,541,544,578,579,624,635,645,649,658,687,706,721,751,778,782,820,835,864,866,939,945,1025,1030,1092,1098,1137,1205,1209,1241}
bbb.       elit             {72:1,24,27,48,69,95,123,154,161,164,210,270,282,309,310,332,334,351,378,382,399,407,411,460,467,481,483,488,498,519,521,545,571,578,624,642,650,692,704,715,723,747,775,780,805,820,822,899,909,914,917,929,933,941,950,978,981,1003,1014,1024,1079,1091,1102,1143,1188,1200,1203,1207,1223,1264,1286,1321}
ccc.       enim             {72:6,13,18,39,42,49,65,82,88,106,115,115,122,132,206,261,280,302,411,413,427,429,434,478,498,511,555,583,584,602,615,616,640,665,673,682,692,730,756,756,762,762,767,770,795,817,830,879,881,967,977,1012,1021,1026,1027,1036,1067,1108,1127,1148,1185,1189,1203,1224,1256,1261,1270,1270,1273,1281,1297,1325}
ddd.       erat             {76:7,20,65,65,69,84,86,123,123,148,152,239,273,276,279,333,333,364,373,395,400,400,405,427,429,432,458,469,588,604,609,614,621,622,637,686,687,750,761,773,783,797,806,810,824,840,858,886,988,1005,1010,1014,1027,1043,1065,1069,1088,1100,1119,1122,1128,1143,1163,1167,1167,1252,1267,1289,1293,1302,1303,1309,1313,1318,1322,1323}
eee.       eros             {60:6,22,29,31,40,46,65,93,107,112,138,153,164,164,170,223,235,268,269,273,300,306,322,424,424,450,452,473,477,504,524,536,556,577,585,605,606,656,697,729,757,772,785,828,867,871,884,913,940,1034,1092,1122,1123,1214,1222,1234,1250,1265,1266,1296}
fff.       est              {59:40,44,57,62,63,73,83,102,118,129,137,141,145,151,169,184,202,284,330,370,379,392,449,469,477,486,490,509,511,533,565,578,580,631,631,631,848,852,855,874,903,964,1033,1034,1039,1070,1073,1104,1127,1130,1143,1148,1169,1183,1231,1247,1300,1322,1327}
ggg.       et               {163:2,4,18,28,34,51,53,61,66,78,89,96,99,105,105,115,121,123,133,140,143,146,148,158,183,191,191,192,201,201,209,215,228,244,246,249,251,261,262,273,273,275,284,288,289,293,294,323,354,375,386,386,388,396,401,402,413,413,415,422,424,456,463,477,482,485,495,498,513,516,539,540,540,569,570,573,576,582,590,596,614,616,622,622,631,636,649,652,657,659,659,666,669,674,692,696,696,715,729,738,740,752,770,780,781,782,787,810,818,838,846,861,881,888,898,905,913,917,921,925,936,941,943,964,968,974,974,983,1001,1030,1035,1046,1051,1062,1062,1072,1079,1090,1093,1096,1122,1134,1145,1147,1182,1186,1193,1200,1201,1202,1236,1236,1245,1248,1269,1269,1279,1284,1288,1290,1290,1306,1315}
hhh.       Etiam            {48:29,34,81,103,120,184,188,213,227,244,246,259,306,314,322,327,352,387,426,433,473,480,489,540,552,564,573,592,663,813,814,861,907,934,935,946,979,1022,1030,1109,1172,1182,1217,1223,1291,1292,1296,1308}
iii.       eu               {135:6,32,41,65,78,81,83,92,100,101,102,110,111,119,122,123,132,134,148,151,154,163,187,193,235,235,237,243,252,254,266,285,291,293,300,301,302,304,317,330,335,336,341,345,346,364,385,392,409,409,412,423,426,438,452,465,467,468,475,489,502,525,554,566,590,630,640,643,664,673,683,687,705,711,712,721,721,729,729,733,736,759,772,775,781,783,785,811,812,813,815,836,845,856,867,883,894,895,901,948,952,954,969,980,994,996,1003,1007,1007,1014,1025,1050,1067,1073,1086,1094,1111,1113,1141,1154,1155,1171,1201,1202,1212,1216,1251,1260,1261,1286,1287,1299,1326,1327,1329}
jjj.       euismod          {43:41,51,61,64,81,139,236,255,265,291,320,340,416,451,451,473,488,498,514,603,606,627,634,666,685,686,855,942,967,982,1018,1059,1108,1111,1136,1147,1152,1180,1210,1228,1286,1313,1318}
kkk.       ex               {58:20,47,65,79,82,83,92,97,100,126,150,157,169,174,186,244,255,315,363,441,482,483,494,523,532,551,622,657,707,710,778,796,808,834,884,889,918,989,995,1001,1015,1056,1111,1134,1135,1137,1152,1167,1184,1189,1190,1208,1226,1240,1261,1312,1315,1317}
lll.       facilisi         {9:232,264,380,547,593,843,937,1082,1249}
mmm.       facilisis        {53:6,40,41,65,117,148,158,159,167,198,205,211,213,235,300,395,400,426,459,463,465,479,488,494,521,589,590,618,626,632,636,639,642,680,722,762,812,829,861,951,1046,1053,1059,1110,1113,1142,1143,1158,1224,1237,1278,1287,1314}
nnn.       fames            {13:105,201,215,251,386,652,659,696,888,943,974,1062,1236}
ooo.       faucibus         {47:25,65,66,73,85,106,111,169,215,251,261,294,346,348,362,413,416,439,445,454,468,477,565,617,652,657,692,697,737,764,781,782,818,846,888,900,906,943,980,1005,1020,1034,1087,1145,1159,1193,1201}
ppp.       felis            {55:116,146,167,169,181,212,218,226,276,279,324,335,377,390,407,431,458,472,477,495,501,540,561,568,578,585,619,692,704,731,734,774,839,851,855,858,860,861,864,947,954,960,1050,1053,1078,1113,1161,1201,1213,1214,1270,1277,1282,1290,1326}
qqq.       fermentum        {52:3,24,55,97,120,131,157,181,197,204,237,256,322,339,410,447,454,467,539,542,562,569,582,615,642,645,657,679,680,681,691,708,725,796,797,831,845,850,861,876,908,954,970,996,1004,1052,1056,1125,1274,1277,1296,1330}
rrr.       feugiat          {31:48,104,137,181,198,258,265,266,302,316,349,440,448,458,512,758,831,860,882,892,910,979,1001,1068,1081,1131,1148,1149,1197,1200,1215}
sss.       finibus          {58:13,17,46,73,78,79,157,175,176,193,195,223,247,266,330,393,399,399,401,405,407,438,439,469,485,485,523,631,692,729,731,736,738,778,867,894,900,907,918,931,954,954,966,1000,1000,1013,1097,1143,1144,1179,1214,1223,1233,1272,1296,1320,1325,1330}
ttt.       fringilla        {40:58,95,123,159,185,188,225,256,300,308,325,363,438,439,444,530,540,540,551,592,596,614,625,644,685,708,745,758,772,788,792,810,817,947,1017,1038,1107,1165,1264,1273}
uuu.       Fusce            {37:5,53,65,117,137,161,286,332,349,354,372,390,454,457,479,496,499,519,626,668,676,759,787,812,829,834,879,920,923,941,976,1020,1147,1169,1224,1285,1312}
vvv.       gravida          {39:40,81,114,135,141,148,167,168,192,214,226,248,282,323,427,453,458,528,568,630,724,754,777,778,836,869,934,995,1021,1124,1129,1147,1190,1206,1219,1230,1247,1258,1321}
www.       habitant         {8:105,201,386,659,696,974,1062,1236}
xxx.       habitasse        {3:702,862,1049}
yyy.       hac              {3:702,862,1049}
zzz.       hendrerit        {54:15,20,25,40,50,80,123,160,205,238,271,317,382,442,445,449,477,494,497,499,499,504,599,611,624,671,686,710,711,750,822,835,844,863,928,929,933,971,971,981,992,1000,1034,1077,1182,1185,1214,1219,1229,1256,1281,1282,1289,1322}
aaaa.      himenaeos        {5:337,607,629,700,1310}
bbbb.      i                {126:5,6,8,16,27,32,36,40,47,56,60,65,81,85,104,106,117,160,177,207,214,220,227,247,261,284,296,301,333,338,343,384,417,433,440,443,448,470,483,503,504,508,514,514,523,540,559,587,601,606,620,620,640,677,682,688,689,704,718,767,768,775,814,815,820,821,832,838,844,844,855,857,865,866,874,892,892,898,900,903,904,912,933,935,945,962,963,971,977,1004,1012,1012,1021,1036,1036,1070,1092,1092,1105,1106,1117,1118,1136,1148,1165,1169,1180,1188,1203,1204,1218,1222,1233,1239,1266,1275,1285,1288,1294,1295,1296,1297,1312,1317,1321,1332}
cccc.      iaculis          {53:4,7,23,29,54,55,67,78,92,110,119,181,192,204,244,267,286,293,305,332,422,425,483,489,493,585,601,613,640,653,661,707,733,752,790,856,898,913,951,961,980,998,1014,1027,1050,1140,1205,1213,1224,1226,1231,1234,1309}
dddd.      imperdiet        {46:13,27,30,78,86,245,302,310,321,363,373,447,486,513,541,623,632,647,653,712,716,718,725,729,778,795,807,822,832,856,881,929,934,958,981,993,1011,1031,1036,1060,1186,1224,1227,1240,1253,1263}
eeee.      in               {167:3,13,13,24,29,30,39,47,58,58,73,76,82,86,86,117,127,136,140,146,147,159,159,167,167,170,173,188,194,196,197,209,215,216,219,221,234,251,269,272,282,294,298,298,306,307,316,320,325,328,334,357,367,373,373,381,398,403,436,436,440,441,447,467,481,497,508,513,528,532,552,561,570,576,580,586,602,603,611,615,617,642,652,657,658,672,688,688,690,702,710,715,719,730,737,744,754,756,774,775,781,791,798,818,826,836,846,860,862,874,888,897,899,918,920,924,931,938,939,942,943,945,965,971,976,977,982,982,988,988,991,998,999,1015,1027,1034,1036,1049,1050,1057,1066,1067,1070,1081,1100,1100,1104,1118,1128,1145,1167,1179,1193,1201,1215,1219,1226,1254,1255,1256,1269,1275,1278,1280,1315,1316,1328}
ffff.      inceptos         {5:337,607,629,700,1310}
gggg.      integer          {37:35,42,104,125,169,194,202,224,302,338,339,353,365,395,405,412,423,472,481,482,551,555,640,675,692,708,712,729,738,763,984,1077,1106,1200,1212,1316,1317}
hhhh.      Integer          {14:61,294,329,541,627,725,727,748,901,1009,1141,1173,1279,1283}
iiii.      interdum         {51:28,41,70,99,123,130,130,141,150,155,161,175,182,206,300,318,327,344,356,426,452,456,457,461,469,471,545,689,704,743,744,745,764,777,883,907,967,983,1087,1089,1101,1148,1225,1229,1238,1239,1245,1264,1268,1288,1312}
jjjj.      Interdum         {5:215,251,652,888,943}
kkkk.      ipsum            {76:1,3,45,78,85,89,160,162,178,188,202,215,228,251,270,274,292,294,303,307,310,325,363,373,384,393,412,460,484,489,506,523,571,587,595,602,619,628,635,650,651,652,657,664,685,699,714,721,722,723,747,759,764,781,802,803,818,846,879,888,943,950,965,978,996,1035,1108,1116,1123,1145,1183,1201,1224,1233,1239,1296}
llll.      justo            {67:4,28,57,90,107,148,170,194,228,255,256,281,281,284,293,302,306,320,326,349,366,372,438,456,456,465,487,499,535,541,588,592,595,653,663,666,673,704,710,736,753,797,804,804,809,853,897,898,922,932,944,981,999,1000,1027,1052,1102,1120,1138,1156,1167,1200,1221,1247,1254,1288,1321}
mmmm.      lacinia          {44:87,116,290,329,349,365,367,381,389,423,431,446,494,502,512,522,522,597,628,641,656,692,714,735,740,782,810,816,830,835,868,887,897,964,968,1014,1040,1070,1116,1172,1177,1178,1213,1262}
nnnn.      lacus            {60:31,61,65,69,88,161,170,219,221,262,296,308,363,372,376,427,471,478,496,514,543,569,596,605,614,636,649,656,714,731,731,737,858,858,875,879,915,936,949,955,967,967,991,992,1030,1047,1136,1149,1169,1184,1240,1272,1272,1285,1285,1292,1293,1300,1315,1316}
oooo.      laoreet          {54:135,163,164,170,180,221,236,238,245,271,296,315,322,333,359,396,401,411,420,476,486,515,561,568,570,574,619,631,641,687,688,690,693,744,770,770,780,799,875,879,915,922,960,961,997,1033,1048,1074,1149,1160,1247,1277,1281,1304}
pppp.      lectus           {59:6,7,23,76,92,100,165,209,212,223,240,268,288,297,311,321,425,443,451,474,488,497,504,592,608,717,726,729,746,770,770,777,785,792,814,891,938,961,966,990,992,1018,1023,1027,1044,1081,1092,1186,1188,1200,1201,1223,1225,1227,1234,1259,1290,1324,1324}
qqqq.      leo              {52:5,54,78,126,131,138,148,151,167,185,185,247,314,323,349,383,396,406,469,492,551,611,614,615,618,638,639,640,682,688,715,719,721,734,741,776,780,840,841,846,965,1007,1037,1052,1112,1138,1146,1179,1233,1296,1312,1331}
rrrr.      libero           {73:14,131,136,141,157,158,161,190,219,253,263,277,277,284,311,332,348,363,403,410,412,416,418,431,435,437,467,479,491,529,590,609,655,660,668,683,763,778,779,810,811,824,845,864,873,883,887,887,904,942,983,987,988,1003,1012,1031,1042,1092,1099,1110,1139,1150,1174,1193,1199,1205,1211,1246,1255,1264,1272,1272,1275}
ssss.      ligula           {65:6,11,54,67,99,114,142,219,229,248,258,277,299,307,308,314,329,334,352,370,435,436,461,497,522,543,552,574,576,577,600,610,622,664,664,664,705,720,741,745,757,783,788,789,789,803,840,869,934,939,995,1009,1015,1061,1070,1081,1107,1107,1118,1120,1179,1200,1304,1325,1330}
tttt.      litora           {5:337,607,629,700,1310}
uuuu.      lobortis         {50:43,52,88,138,143,185,199,216,223,253,323,372,383,385,415,422,429,486,562,573,616,626,678,690,721,730,732,755,758,768,794,797,813,877,902,910,941,984,993,1013,1035,1039,1111,1130,1134,1139,1179,1263,1268,1315}
vvvv.      lorem            {64:1,18,52,107,121,124,138,157,157,203,208,219,250,256,270,349,356,363,385,399,414,460,462,488,489,526,571,585,588,619,624,650,658,663,664,723,747,829,829,834,863,866,868,898,903,910,945,950,956,967,969,978,988,1022,1077,1089,1093,1250,1253,1264,1265,1290,1296,1317}
wwww.      luctus           {52:5,16,39,43,52,136,210,212,279,294,307,345,401,415,440,468,485,505,576,599,622,657,663,711,736,746,762,781,787,797,817,818,823,846,880,882,947,977,992,998,1000,1014,1041,1076,1126,1145,1153,1167,1189,1201,1235,1280}
xxxx.      Maecenas         {44:16,17,145,147,198,200,220,225,240,243,258,292,297,311,346,382,404,450,452,476,505,521,606,618,685,793,820,830,856,892,925,954,969,1005,1027,1040,1044,1101,1105,1113,1161,1258,1264,1273}
yyyy.      maecenas         {6:25,39,414,635,710,1098}
zzzz.      magna            {58:5,11,51,65,79,139,183,208,221,224,313,318,343,344,350,371,374,383,385,422,436,441,473,495,510,540,542,543,563,614,619,678,688,727,736,744,745,764,777,778,801,817,881,900,947,956,958,976,999,1013,1031,1072,1123,1134,1146,1180,1215,1312}
aaaaa.     magnis           {5:275,402,669,921,1090}
bbbbb.     malesuada        {57:53,77,105,106,201,207,215,236,248,248,251,252,318,322,386,469,484,501,563,567,573,582,624,634,652,654,659,668,696,717,719,727,785,827,877,888,929,943,974,989,996,1009,1027,1062,1069,1072,1091,1102,1127,1158,1166,1171,1192,1202,1230,1236,1315}
ccccc.     massa            {65:10,13,27,34,41,60,85,104,117,133,140,141,154,164,171,185,189,206,267,281,311,312,333,364,366,434,440,457,472,486,507,508,510,528,540,548,560,567,588,611,736,758,830,844,931,971,1006,1055,1083,1103,1142,1154,1155,1167,1178,1187,1209,1218,1229,1248,1278,1301,1312,1318,1318}
ddddd.     mattis           {48:17,39,48,57,72,73,97,102,116,148,149,150,162,198,260,306,371,394,403,412,421,429,435,448,477,532,563,568,643,682,706,751,786,817,889,914,915,923,927,999,1003,1020,1030,1107,1123,1155,1251,1285}
eeeee.     mauris           {94:24,65,72,80,101,106,117,164,165,181,191,193,229,234,254,288,290,300,369,373,381,404,404,406,417,428,428,445,452,456,465,489,492,493,496,507,510,515,520,522,529,537,553,557,582,597,598,610,617,620,634,647,655,699,739,751,754,761,770,782,810,858,866,867,877,879,893,905,908,932,955,964,967,971,994,1023,1027,1028,1048,1067,1089,1118,1129,1148,1158,1165,1186,1196,1213,1242,1252,1264,1292,1318}
fffff.     Mauris           {9:79,142,446,674,917,973,1007,1178,1263}
ggggg.     maximus          {40:45,140,141,276,283,289,311,329,348,371,373,377,456,488,509,582,594,668,697,728,730,793,892,898,911,923,945,1001,1007,1035,1035,1113,1126,1163,1250,1253,1255,1270,1272,1282}
hhhhh.     metus            {79:7,9,21,26,29,36,55,58,81,134,150,179,196,203,265,283,283,333,336,346,376,392,415,442,459,494,512,513,520,561,565,572,585,601,616,638,676,691,726,729,749,762,765,781,800,810,813,819,825,857,875,910,916,922,945,1002,1004,1005,1005,1012,1028,1044,1085,1096,1121,1158,1166,1205,1212,1214,1226,1253,1264,1284,1296,1306,1312,1315,1329}
iiiii.     mi               {66:53,61,78,96,136,149,149,159,235,243,248,255,257,262,286,317,325,329,339,362,363,368,391,399,408,442,462,488,516,540,559,564,601,632,634,714,731,756,786,853,880,901,918,960,975,1011,1014,1029,1030,1033,1044,1046,1058,1061,1084,1125,1125,1176,1179,1200,1250,1254,1261,1278,1282,1318}
jjjjj.     molestie         {39:6,49,50,54,135,161,192,306,312,333,372,384,404,420,445,538,545,558,561,585,591,656,674,695,705,713,766,824,870,951,990,1030,1034,1157,1188,1222,1254,1275,1331}
kkkkk.     mollis           {35:82,154,164,165,171,185,219,273,333,371,403,480,645,657,663,673,738,745,811,824,846,858,877,887,1033,1050,1070,1092,1124,1130,1211,1215,1243,1293,1317}
lllll.     montes           {5:275,402,669,921,1090}
mmmmm.     Morbi            {21:49,59,98,212,228,379,399,566,591,657,699,819,947,975,981,1029,1034,1131,1174,1209,1325}
nnnnn.     morbi            {32:77,100,105,165,190,201,203,204,319,334,340,386,417,451,491,659,660,670,696,736,785,789,911,924,928,974,1047,1062,1236,1247,1270,1297}
ooooo.     mus              {5:275,402,669,921,1090}
ppppp.     Nam              {38:85,187,279,308,328,367,384,396,421,429,461,517,574,624,662,706,746,772,781,795,815,836,838,846,850,985,992,999,1001,1011,1087,1204,1208,1211,1214,1234,1272,1276}
qqqqq.     nascetur         {5:275,402,669,921,1090}
rrrrr.     natoque          {5:275,402,669,921,1090}
sssss.     nec              {121:20,24,27,33,49,55,57,64,69,83,97,101,107,112,124,131,135,136,150,154,155,160,171,175,186,225,230,277,282,288,308,309,314,320,321,324,363,366,369,374,382,384,419,422,427,429,435,438,463,479,492,495,497,506,508,508,510,567,575,595,597,602,618,626,627,634,634,665,707,714,735,748,749,764,773,784,785,789,804,813,832,840,864,872,882,910,911,926,946,956,967,984,992,993,1002,1024,1029,1053,1055,1061,1078,1110,1115,1122,1135,1143,1151,1176,1189,1201,1216,1220,1256,1270,1280,1283,1289,1311,1312,1316,1319}
ttttt.     neque            {72:59,62,63,65,89,119,167,171,210,214,236,245,254,261,292,306,308,327,333,396,453,458,465,469,489,490,508,527,531,555,561,596,597,599,599,614,617,682,687,733,755,784,795,814,866,875,973,979,1001,1015,1024,1027,1039,1051,1109,1122,1130,1133,1136,1156,1167,1181,1198,1219,1247,1251,1253,1272,1288,1316,1317,1330}
uuuuu.     netus            {8:105,201,386,659,696,974,1062,1236}
vvvvv.     nibh             {59:16,50,95,104,121,147,225,233,237,237,256,316,374,417,421,430,465,538,540,540,569,588,614,616,675,685,688,725,782,827,828,838,848,901,905,911,917,965,970,971,982,1005,1005,1081,1091,1098,1107,1113,1124,1169,1182,1186,1200,1211,1213,1243,1256,1306,1313}
wwwww.     nisi             {80:3,27,41,50,54,94,97,99,104,109,110,111,113,167,174,181,188,208,252,254,267,280,281,284,286,306,315,339,343,347,350,382,404,407,442,453,455,473,495,495,516,588,626,713,714,725,731,748,766,830,831,849,860,872,874,894,922,927,934,977,992,996,1004,1036,1053,1061,1074,1074,1106,1117,1124,1161,1165,1168,1183,1195,1233,1280,1283,1311}
xxxxx.     nisl             {66:9,20,25,28,38,64,87,92,125,135,141,175,183,183,185,198,253,262,295,301,305,315,340,342,362,376,381,446,483,492,495,499,502,508,562,565,616,620,639,649,680,707,782,796,810,830,877,895,929,971,1014,1064,1068,1095,1143,1171,1223,1223,1241,1248,1251,1287,1294,1315,1321,1321}
yyyyy.     non              {126:14,21,26,32,38,41,65,85,90,93,94,101,107,114,120,123,138,142,145,203,210,222,239,248,253,256,263,277,280,285,286,299,302,331,339,353,371,372,379,442,459,464,469,473,474,482,485,495,507,510,532,542,545,561,565,572,581,596,600,610,627,640,668,671,682,712,712,720,726,732,762,766,779,789,792,803,808,809,817,822,829,849,850,858,869,922,927,930,941,944,946,971,973,990,1016,1028,1055,1058,1073,1074,1075,1085,1097,1124,1146,1148,1159,1161,1180,1185,1209,1222,1229,1233,1247,1253,1268,1295,1296,1304,1313,1315,1319,1320,1322,1331}
zzzzz.     nostra           {5:337,607,629,700,1310}
aaaaaa.    nulla            {102:2,15,16,19,20,20,25,39,49,54,73,81,113,120,124,136,159,177,181,192,210,210,232,254,264,266,272,273,273,278,283,304,348,356,357,366,367,380,397,407,428,437,468,480,486,540,543,547,575,576,578,590,593,615,626,647,670,737,743,752,778,780,799,813,823,843,845,853,865,879,911,912,937,938,959,961,1035,1044,1044,1082,1092,1094,1097,1110,1151,1189,1194,1230,1231,1232,1247,1249,1253,1255,1262,1264,1271,1281,1288,1301,1305,1312}
bbbbbb.    Nulla            {5:30,230,427,1115,1288}
cccccc.    Nullam           {15:21,31,72,174,183,210,388,601,651,671,883,1150,1162,1259,1268}
dddddd.    nullam           {36:106,116,180,233,285,345,358,420,430,442,465,484,494,525,530,625,638,690,695,750,760,762,860,881,968,1012,1032,1052,1076,1148,1151,1181,1198,1274,1302,1327}
eeeeee.    nunc             {105:26,28,41,50,65,87,141,145,153,165,182,208,211,211,246,252,255,267,268,269,285,307,313,319,335,335,394,399,411,421,423,424,448,487,501,504,544,548,554,560,561,564,573,586,608,622,627,658,665,665,672,686,693,694,705,710,712,714,721,729,731,735,755,761,762,762,775,792,805,811,830,844,866,871,894,914,941,947,971,972,984,1005,1009,1061,1068,1073,1075,1079,1081,1092,1128,1129,1137,1147,1157,1166,1187,1190,1196,1242,1248,1283,1293,1304,1320}
ffffff.    Nunc             {3:808,864,1066}
gggggg.    odio             {75:41,53,55,59,86,90,100,104,132,141,148,149,166,259,289,329,331,333,349,398,401,416,437,447,447,450,464,512,517,534,539,540,549,561,563,567,617,661,689,714,714,738,749,772,788,790,808,857,864,914,924,981,990,997,1003,1033,1041,1047,1079,1092,1106,1109,1118,1135,1143,1144,1154,1173,1180,1198,1255,1312,1314,1315,1319}
hhhhhh.    orci             {63:10,11,67,93,121,154,191,219,229,271,275,294,313,314,316,323,365,387,402,489,505,514,523,567,606,657,669,680,682,694,729,781,803,811,818,836,846,850,878,894,920,921,961,964,982,1006,1021,1090,1115,1145,1163,1190,1195,1201,1220,1229,1230,1231,1241,1268,1277,1285,1332}
iiiiii.    ornare           {48:28,33,46,54,120,139,286,295,306,329,330,347,382,399,411,424,454,455,514,523,524,538,555,586,603,662,710,731,741,823,837,918,956,965,988,1005,1005,1014,1024,1028,1064,1159,1163,1177,1240,1291,1299,1331}
jjjjjj.    parturient       {5:275,402,669,921,1090}
kkkkkk.    Pellentesque     {2:22,1201}
llllll.    pellentesque     {91:33,38,51,60,76,88,89,96,105,109,115,138,162,171,201,209,233,243,257,269,292,308,344,350,363,378,386,418,442,444,448,473,485,520,540,548,548,564,569,579,585,586,610,633,659,675,695,696,734,745,763,783,789,792,794,797,798,801,807,832,851,858,858,883,902,908,942,974,1008,1021,1044,1062,1073,1075,1096,1109,1121,1130,1150,1159,1163,1216,1222,1236,1252,1264,1309,1312,1314,1315,1325}
mmmmmm.    penatibus        {5:275,402,669,921,1090}
nnnnnn.    per              {10:337,337,607,607,629,629,700,700,1310,1310}
oooooo.    pharetra         {50:6,11,20,117,141,168,203,219,231,267,298,320,350,373,383,389,424,436,462,473,479,522,540,554,584,681,683,693,767,796,799,825,825,834,847,868,880,902,924,967,971,1054,1074,1100,1158,1161,1173,1180,1181,1280}
pppppp.    phasellus        {43:19,26,37,45,92,93,128,129,139,160,163,306,321,330,331,347,415,448,526,572,643,683,732,796,802,806,844,851,873,889,915,927,940,1056,1093,1102,1124,1137,1164,1192,1206,1313,1321}
qqqqqq.    Phasellus        {1:1166}
rrrrrr.    placerat         {44:19,51,100,100,148,307,316,325,333,352,407,428,434,437,443,457,472,507,536,582,601,610,612,614,658,687,691,798,807,917,997,1006,1024,1047,1069,1081,1087,1122,1157,1188,1201,1239,1250,1264}
ssssss.    platea           {3:702,862,1049}
tttttt.    porta            {63:35,41,77,94,117,126,131,156,176,191,219,226,234,236,252,281,286,312,343,343,360,363,397,400,431,453,488,490,502,510,520,537,596,608,635,653,654,667,676,685,731,752,755,826,850,863,890,927,949,1053,1102,1120,1139,1146,1155,1200,1218,1223,1265,1273,1275,1296,1316}
uuuuuu.    porttitor        {44:7,9,53,54,97,109,129,154,187,231,267,273,285,290,292,355,369,399,421,436,487,528,545,623,625,699,706,734,735,743,784,853,864,894,911,927,955,976,1008,1052,1164,1201,1220,1327}
vvvvvv.    posuere          {49:10,41,89,91,99,109,178,226,241,280,294,327,382,467,490,567,573,588,622,646,655,657,657,699,710,721,781,818,846,852,956,958,979,985,988,1003,1014,1024,1029,1036,1059,1091,1134,1145,1188,1200,1201,1241,1269}
wwwwww.    potenti          {15:74,144,217,242,287,500,550,701,709,742,771,986,1019,1063,1071}
xxxxxx.    Praesent         {17:94,99,126,267,284,316,443,559,612,654,980,998,1083,1202,1205,1228,1299}
yyyyyy.    praesent         {22:95,132,176,248,289,391,449,623,694,758,791,876,896,939,987,1018,1117,1133,1134,1153,1183,1251}
zzzzzz.    pretium          {44:7,155,239,262,306,319,347,356,391,437,455,493,495,543,556,636,641,681,694,698,705,712,715,727,757,761,788,920,938,953,989,1028,1044,1120,1162,1230,1232,1265,1272,1277,1290,1301,1304,1307}
aaaaaaa.   primis           {12:215,251,294,652,657,781,818,846,888,943,1145,1201}
bbbbbbb.   proin            {42:10,27,36,66,206,245,261,344,351,410,475,506,565,581,605,633,656,697,765,784,800,801,835,842,857,865,900,910,965,997,1120,1122,1128,1156,1177,1193,1215,1256,1257,1282,1293,1311}
ccccccc.   pulvinar         {43:11,70,88,131,131,196,224,227,230,318,364,370,395,428,445,449,472,483,535,537,597,619,628,656,664,694,697,711,792,795,801,889,956,979,1001,1005,1014,1112,1120,1140,1167,1198,1320}
ddddddd.   purus            {61:11,11,41,45,66,67,90,100,119,133,146,150,150,185,188,199,226,248,313,318,335,369,422,427,437,449,485,488,493,495,543,549,588,610,613,618,618,619,635,635,713,717,761,797,835,880,928,1014,1024,1045,1051,1073,1092,1132,1151,1159,1237,1240,1245,1272,1298}
eeeeeee.   quam             {51:70,78,93,111,198,207,219,237,293,298,309,338,377,388,475,574,591,598,639,641,668,687,694,730,748,785,804,834,850,890,901,918,990,996,1007,1020,1080,1086,1097,1097,1142,1146,1162,1204,1221,1228,1264,1281,1300,1314,1315}
fffffff.   quis             {100:6,10,15,59,65,66,72,104,122,134,141,157,176,178,212,216,229,268,293,298,322,332,340,351,371,378,387,403,404,406,411,446,456,456,498,517,531,538,544,564,585,591,592,597,618,656,657,663,665,682,685,692,728,745,750,765,777,828,828,829,830,851,863,865,878,887,890,900,915,922,928,949,960,961,961,981,990,1004,1039,1042,1112,1130,1132,1136,1142,1156,1161,1167,1188,1199,1202,1227,1261,1264,1275,1276,1292,1322,1324,1330}
ggggggg.   quisque          {35:23,32,44,60,75,140,150,235,236,247,295,375,398,527,544,609,645,680,717,841,863,868,966,1006,1014,1026,1042,1058,1099,1108,1114,1241,1281,1314,1331}
hhhhhhh.   rhoncus          {49:9,51,93,98,124,132,157,162,250,268,288,316,328,376,392,407,419,474,521,594,606,613,703,718,751,760,793,814,834,836,869,973,991,1008,1065,1069,1086,1105,1127,1128,1142,1154,1197,1207,1233,1256,1301,1314,1329}
iiiiiii.   ridiculus        {5:275,402,669,921,1090}
jjjjjjj.   risus            {80:3,15,73,98,120,157,167,176,187,190,193,197,202,216,223,259,269,273,295,306,321,330,330,373,381,426,427,429,430,444,469,475,483,483,495,525,546,558,570,594,627,686,730,746,766,783,858,867,889,892,909,932,940,945,949,959,964,993,994,1000,1014,1025,1029,1039,1086,1109,1155,1171,1174,1182,1196,1202,1223,1235,1245,1258,1268,1296,1302,1327}
kkkkkkk.   rutrum           {55:19,91,266,271,273,320,344,350,378,385,392,417,430,446,487,536,543,559,560,561,565,588,622,714,810,814,831,834,845,859,867,876,881,963,968,992,1006,1028,1029,1046,1074,1089,1118,1118,1146,1166,1183,1196,1198,1205,1232,1240,1251,1271,1291}
lllllll.   sagittis         {48:38,92,137,167,176,255,279,332,424,452,492,495,498,561,565,631,690,708,719,734,756,759,763,774,783,804,809,939,1022,1024,1028,1045,1079,1096,1106,1108,1155,1195,1210,1233,1241,1241,1250,1251,1276,1285,1290,1312}
mmmmmmm.   sapien           {62:11,20,30,64,78,140,176,203,212,247,266,274,292,302,308,317,347,390,391,395,446,447,451,467,469,470,483,518,580,602,620,634,645,668,711,764,781,788,791,796,827,850,879,882,922,922,948,1004,1007,1016,1027,1034,1093,1121,1143,1200,1223,1257,1271,1280,1320,1328}
nnnnnnn.   scelerisque      {42:89,95,96,110,111,157,203,205,206,223,224,263,285,301,306,306,353,435,451,497,538,552,642,687,749,791,872,873,891,893,932,944,964,1025,1139,1141,1148,1223,1242,1250,1280,1282}
ooooooo.   Sed              {59:6,50,52,80,101,135,141,214,229,256,273,274,276,280,357,370,413,416,447,455,456,507,531,534,542,562,590,613,632,644,679,724,741,794,855,870,872,875,897,945,951,953,1025,1045,1051,1072,1084,1085,1086,1112,1138,1168,1184,1185,1227,1246,1250,1280,1330}
ppppppp.   sed              {130:9,16,19,24,30,38,61,63,73,80,91,93,98,121,129,131,136,164,165,198,207,208,210,218,219,219,219,221,225,225,247,256,271,278,279,281,281,308,312,326,334,359,367,376,381,385,430,430,438,439,446,465,480,483,488,495,511,515,520,527,534,549,549,577,589,590,600,616,631,642,655,670,670,694,697,737,741,755,775,778,796,801,806,858,858,864,879,887,901,917,947,952,954,964,988,988,989,1034,1056,1057,1059,1094,1102,1120,1130,1133,1134,1143,1144,1156,1156,1173,1174,1195,1207,1223,1225,1247,1258,1269,1270,1273,1275,1281,1281,1282,1291,1301,1325,1329}
qqqqqqq.   sem              {58:32,57,59,140,142,167,179,186,189,225,260,261,306,322,323,358,359,388,392,399,420,507,525,559,560,664,711,731,740,810,811,817,822,832,835,835,858,879,887,927,946,964,969,1005,1006,1009,1014,1036,1038,1048,1094,1102,1139,1154,1202,1203,1250,1267}
rrrrrrr.   semper           {44:7,12,107,125,181,312,321,324,356,368,376,387,444,455,469,507,519,553,570,615,651,674,720,796,806,823,847,893,903,938,985,1031,1040,1058,1078,1156,1168,1211,1222,1233,1243,1246,1306,1327}
sssssss.   senectus         {8:105,201,386,659,696,974,1062,1236}
ttttttt.   sit              {125:1,7,11,18,22,25,32,40,53,62,64,76,79,93,101,139,149,164,181,181,223,227,228,231,235,241,259,269,270,272,281,295,313,315,315,316,335,377,381,389,415,416,420,423,424,437,455,460,471,474,514,522,548,551,560,571,577,597,610,610,612,619,628,633,635,640,650,655,668,699,711,714,723,727,734,747,761,763,770,785,787,810,819,823,824,832,850,873,897,898,901,911,917,924,927,934,950,970,978,985,1004,1004,1011,1014,1015,1018,1031,1041,1046,1051,1053,1069,1076,1086,1091,1093,1099,1139,1148,1217,1228,1251,1264,1265,1271}
uuuuuuu.   sociosqu         {5:337,607,629,700,1310}
vvvvvvv.   sodales          {46:12,49,60,104,107,127,199,255,273,284,284,355,393,394,430,453,479,485,508,515,546,563,577,620,623,639,691,837,857,867,884,922,981,1007,1037,1039,1042,1110,1114,1136,1160,1160,1176,1210,1215,1315}
wwwwwww.   sollicitudin     {52:69,71,77,86,103,132,140,259,269,310,317,389,418,425,427,431,434,475,492,497,507,513,517,557,577,630,644,661,667,680,694,698,731,738,813,848,879,944,947,1002,1017,1036,1048,1055,1099,1125,1150,1185,1225,1255,1257,1270}
xxxxxxx.   suscipit         {51:13,20,26,37,45,95,146,153,208,256,257,289,311,348,379,397,442,469,530,576,577,649,685,714,731,735,737,743,746,799,844,876,898,926,938,948,960,969,971,1016,1026,1032,1051,1054,1060,1092,1095,1137,1142,1286,1300}
yyyyyyy.   suspendisse      {62:7,43,54,74,112,144,199,217,222,242,250,265,287,350,359,364,366,406,411,488,500,514,522,524,550,587,599,608,639,647,687,701,704,709,715,742,757,767,771,833,898,926,933,961,964,986,1019,1063,1065,1071,1094,1116,1140,1143,1158,1210,1229,1233,1244,1290,1304,1332}
zzzzzzz.   Suspendisse      {1:425}
aaaaaaaa.  taciti           {5:337,607,629,700,1310}
bbbbbbbb.  tellus           {68:47,108,112,123,125,158,164,164,193,222,229,229,230,246,266,273,291,307,313,321,328,333,358,363,384,398,407,409,422,443,472,480,489,523,552,582,623,729,754,775,789,828,838,890,892,898,900,911,917,936,946,952,971,971,999,1028,1047,1066,1086,1093,1107,1136,1142,1163,1220,1269,1274,1280}
cccccccc.  tempor           {43:35,64,65,113,145,150,200,272,330,332,405,409,420,435,462,522,535,606,610,654,744,830,833,852,874,875,877,930,944,1064,1091,1111,1123,1135,1149,1156,1190,1217,1229,1255,1294,1294,1319}
dddddddd.  tempus           {36:11,112,113,183,203,219,248,272,326,370,394,479,490,523,537,548,643,755,791,805,819,831,838,841,858,918,983,1079,1115,1135,1144,1171,1181,1190,1222,1319}
eeeeeeee.  tincidunt        {95:24,30,99,101,108,121,148,174,176,193,200,202,216,221,261,265,284,289,293,303,305,325,385,387,395,399,421,440,477,496,516,517,532,542,554,578,610,618,633,639,640,660,664,664,685,704,713,714,717,725,729,750,756,756,773,795,817,827,847,852,864,903,917,922,955,990,1004,1012,1015,1021,1032,1051,1070,1081,1096,1114,1117,1123,1134,1151,1164,1169,1195,1204,1214,1216,1226,1241,1264,1269,1284,1295,1304,1307,1309}
ffffffff.  torquent         {5:337,607,629,700,1310}
gggggggg.  tortor           {62:9,11,24,38,75,91,123,130,138,143,147,165,178,191,192,193,195,226,288,301,302,307,307,317,330,335,423,430,431,438,448,481,498,569,615,620,628,646,646,670,711,712,722,731,792,802,814,822,830,859,871,876,878,954,992,1002,1102,1214,1251,1285,1301,1329}
hhhhhhhh.  tristique        {58:14,14,20,64,92,105,155,159,193,201,204,208,231,283,321,336,364,386,416,447,465,476,549,570,573,597,614,616,659,696,713,739,764,810,836,840,849,875,879,945,948,953,965,974,1002,1062,1077,1083,1131,1142,1196,1218,1236,1238,1258,1267,1278,1299}
iiiiiiii.  turpis           {71:2,36,44,83,92,95,105,148,157,201,227,234,249,250,273,294,339,371,386,453,473,483,485,510,538,554,562,562,567,581,608,643,645,656,659,696,712,718,738,756,763,772,787,824,829,856,897,899,926,952,974,981,985,1001,1016,1024,1037,1037,1062,1100,1106,1109,1141,1191,1198,1199,1211,1236,1288,1291,1315}
jjjjjjjj.  ullamcorper      {51:6,12,27,57,63,121,157,165,231,245,246,273,301,302,306,308,315,353,367,381,439,495,508,513,519,529,540,553,592,602,612,682,684,813,828,830,841,850,860,896,928,946,987,1009,1039,1044,1127,1153,1272,1300,1312}
kkkkkkkk.  ultrices         {45:11,146,185,259,294,310,312,335,372,379,461,476,482,487,524,540,560,588,603,618,619,644,657,703,710,781,791,811,818,846,868,889,957,996,1002,1072,1095,1128,1145,1147,1201,1214,1251,1316,1329}
llllllll.  ultricies        {53:22,38,63,70,76,78,87,90,154,183,190,210,212,250,307,315,326,360,392,435,449,452,576,578,596,626,651,679,801,866,875,879,923,930,991,998,1047,1085,1102,1151,1154,1155,1165,1181,1268,1271,1277,1290,1293,1293,1322,1327,1330}
mmmmmmmm.  urna             {57:12,15,22,32,41,101,153,163,167,185,216,331,347,384,401,405,415,453,488,489,496,513,531,532,556,600,612,630,664,762,786,806,810,830,836,851,863,900,915,946,948,956,968,969,1038,1052,1053,1078,1078,1141,1147,1181,1257,1266,1275,1304,1308}
nnnnnnnn.  ut               {154:6,12,19,20,20,29,48,49,50,54,68,80,91,99,112,137,138,157,167,172,174,184,208,238,257,260,274,286,301,303,311,313,319,329,343,344,363,391,407,425,428,448,449,480,484,489,490,493,516,517,534,541,556,562,563,563,568,583,584,608,632,637,637,641,648,667,673,680,689,707,717,731,733,772,773,774,778,800,817,827,830,839,841,847,854,861,880,880,891,891,893,906,909,916,920,929,932,934,938,940,949,960,966,972,979,979,981,995,997,1001,1005,1006,1022,1024,1026,1028,1037,1039,1045,1061,1065,1079,1083,1089,1102,1126,1135,1146,1150,1160,1165,1166,1179,1186,1195,1203,1231,1231,1234,1237,1238,1239,1240,1245,1255,1257,1265,1266,1267,1269,1276,1278,1306,1325}
oooooooo.  varius           {48:79,91,156,167,180,202,228,229,241,275,313,334,402,427,462,462,463,490,544,569,572,579,602,625,669,704,718,732,777,779,827,838,880,921,958,1008,1012,1033,1054,1067,1090,1127,1155,1182,1211,1218,1228,1326}
pppppppp.  vehicula         {56:5,18,27,31,47,60,63,67,111,142,146,164,167,174,240,277,293,383,495,518,552,568,581,585,600,635,749,802,804,814,828,844,863,883,922,930,946,949,972,999,1020,1058,1066,1077,1106,1106,1189,1219,1223,1242,1252,1288,1299,1317,1324,1325}
qqqqqqqq.  vel              {123:11,45,50,54,59,69,77,95,100,106,120,124,146,153,157,175,185,236,240,241,254,255,268,272,280,292,297,307,330,333,343,357,392,395,397,407,412,416,421,448,452,461,469,472,472,484,488,496,499,512,526,543,546,551,555,557,560,606,609,615,620,631,645,647,649,651,656,686,736,741,746,756,766,772,786,796,797,798,800,802,835,847,851,871,893,894,901,914,934,967,975,991,1007,1015,1025,1027,1027,1033,1037,1048,1052,1097,1105,1123,1123,1125,1127,1138,1143,1152,1198,1205,1211,1213,1221,1224,1234,1240,1246,1259,1263,1271,1312}
rrrrrrrr.  velit            {77:40,41,73,75,78,89,91,141,149,173,207,216,221,224,250,280,281,298,320,322,334,345,354,371,394,399,439,463,468,476,485,496,497,577,601,601,633,649,663,680,682,690,713,718,735,791,807,815,844,850,863,870,877,892,920,927,930,933,941,1002,1006,1020,1024,1033,1075,1099,1105,1126,1128,1143,1156,1223,1231,1272,1277,1284,1308}
ssssssss.  venenatis        {44:50,76,85,108,110,125,138,143,169,170,233,234,280,396,406,410,431,499,516,532,555,590,647,665,679,806,815,823,900,911,976,982,1015,1073,1086,1133,1177,1195,1227,1253,1257,1279,1293,1307}
tttttttt.  Vestibulum       {35:11,64,65,152,166,175,189,239,291,294,336,385,509,546,584,589,657,664,781,816,818,846,848,882,918,1031,1041,1054,1091,1127,1145,1201,1232,1254,1287}
uuuuuuuu.  vestibulum       {54:59,79,90,117,121,147,160,168,191,197,226,253,314,314,344,348,357,381,404,409,436,501,546,557,587,606,620,647,678,699,721,750,785,803,889,899,916,936,946,992,1006,1018,1047,1053,1058,1060,1072,1092,1164,1203,1220,1262,1273,1286}
vvvvvvvv.  vitae            {144:18,25,35,52,55,59,69,78,82,87,118,130,132,132,132,159,161,162,165,183,185,185,188,189,193,194,199,200,202,211,224,225,238,250,250,253,268,277,295,305,307,311,327,333,339,348,358,363,373,385,394,396,399,427,428,452,476,490,505,537,562,563,565,575,582,598,605,613,617,633,634,636,663,664,675,686,704,713,735,737,762,763,770,786,794,805,811,830,834,839,842,859,860,863,874,875,881,887,911,932,948,960,966,988,995,996,1002,1013,1017,1018,1024,1030,1031,1048,1052,1064,1076,1081,1124,1144,1149,1163,1169,1183,1185,1190,1191,1200,1211,1231,1242,1243,1252,1253,1253,1277,1282,1282,1284,1296,1300,1306,1318,1322}
wwwwwwww.  Vivamus          {32:2,40,97,143,149,153,179,205,262,296,363,374,383,409,458,462,518,634,707,714,749,788,858,885,890,956,1016,1159,1179,1197,1203,1225}
xxxxxxxx.  vivamus          {7:237,371,948,1013,1139,1154,1242}
yyyyyyyy.  viverra          {46:3,39,41,66,67,118,222,233,237,254,314,332,372,378,413,430,444,488,514,519,693,711,724,724,757,812,830,837,845,899,904,922,924,965,1016,1038,1093,1100,1122,1190,1192,1198,1245,1264,1296,1331}
zzzzzzzz.  volutpat         {50:3,15,84,95,139,184,188,258,290,353,377,432,466,493,540,555,579,587,589,604,608,687,727,732,757,760,803,882,886,890,901,932,957,1006,1010,1011,1037,1043,1088,1119,1157,1174,1277,1294,1298,1298,1300,1301,1303,1323}
aaaaaaaaa. vulputate        {42:37,90,124,210,262,268,277,281,299,332,334,418,423,425,443,504,507,563,600,634,637,637,670,698,715,729,866,889,933,936,964,969,1011,1044,1051,1081,1108,1110,1169,1196,1228,1243}
