a.        a                {122:19,63,79,87,97,105,115,122,125,143,147,153,158,170,176,186,190,199,208,211,214,215,230,232,233,235,247,249,256,289,312,335,354,362,368,376,407,415,423,426,441,463,463,472,477,480,486,509,544,555,558,567,582,603,614,626,638,648,648,650,668,675,700,723,739,742,746,755,761,783,785,814,814,822,823,833,838,838,866,882,887,891,897,901,912,915,915,920,929,1021,1057,1075,1081,1085,1087,1094,1111,1119,1123,1138,1154,1154,1157,1182,1188,1191,1198,1210,1211,1217,1221,1228,1237,1254,1275,1283,1284,1323,1355,1367,1368,1375}
b.        a.               {7:6,318,320,585,716,1020,1386}
c.        ac               {137:3,11,28,29,46,57,66,69,77,83,87,111,115,121,121,132,159,167,176,197,199,209,215,223,240,262,277,284,304,306,318,320,358,361,378,378,380,384,384,400,404,411,420,421,425,425,460,477,488,492,496,510,537,543,551,571,575,580,599,599,625,627,628,634,638,639,646,663,675,680,687,688,691,695,698,698,720,725,728,748,752,756,760,761,826,828,828,834,840,845,850,852,855,865,872,881,911,913,914,925,951,981,993,999,1011,1013,1026,1043,1065,1073,1076,1087,1097,1107,1125,1145,1156,1169,1193,1197,1202,1206,1206,1217,1224,1238,1239,1240,1285,1300,1342,1344,1348,1353,1355,1359,1370}
d.        accumsan         {37:38,47,114,135,143,155,155,210,265,269,320,341,368,401,509,516,549,566,572,574,612,660,668,701,804,824,861,914,979,1014,1110,1144,1254,1297,1317,1325,1336}
e.        ad               {5:351,633,657,729,1362}
f.        adipiscing       {9:1,281,479,596,678,753,777,988,1017}
g.        aenean           {43:19,58,93,114,129,136,140,174,176,260,311,321,336,347,374,403,415,453,463,497,524,537,562,584,605,641,671,694,765,783,797,810,834,840,886,913,982,1044,1075,1079,1293,1346,1379}
h.        Aliquam          {94:6,24,62,66,69,69,75,88,93,151,154,162,181,192,203,228,244,261,265,280,289,312,322,327,363,366,370,380,405,433,438,450,518,546,546,564,585,607,614,621,628,630,641,644,656,710,716,732,742,760,785,793,806,811,849,853,869,873,878,885,887,890,908,920,923,933,941,945,980,996,1034,1039,1043,1050,1086,1092,1134,1143,1154,1160,1166,1183,1193,1233,1267,1310,1337,1351,1354,1358,1370,1376,1381,1382}
i.        aliquet          {50:22,25,51,65,110,128,158,234,238,261,273,315,326,396,397,414,444,446,481,486,499,536,591,655,720,728,745,746,760,820,823,901,934,955,977,985,1009,1015,1074,1111,1115,1169,1201,1225,1247,1265,1304,1316,1364,1368}
j.        amet             {125:1,7,11,19,23,26,33,42,56,66,68,80,83,97,107,145,155,170,188,188,232,236,237,240,245,251,270,280,281,283,293,307,326,328,328,329,349,391,395,403,431,432,436,440,441,455,474,479,490,493,535,543,571,574,584,596,602,623,636,636,639,646,656,661,663,669,678,683,696,728,740,743,753,757,764,777,791,794,801,816,818,841,849,853,854,863,884,908,934,935,938,948,954,961,964,972,988,1008,1017,1024,1044,1044,1052,1055,1056,1059,1073,1084,1090,1095,1097,1114,1121,1132,1137,1139,1145,1186,1196,1266,1277,1301,1314,1315,1322}
k.        ante             {65:17,37,44,67,99,104,143,166,181,208,215,223,248,251,262,293,293,306,358,367,396,470,488,531,563,622,680,685,710,720,732,758,759,793,794,812,829,841,846,849,853,864,878,879,895,925,981,1006,1072,1087,1104,1121,1124,1130,1131,1186,1192,1197,1199,1217,1221,1251,1252,1253,1257}
l.        aptent           {5:351,633,657,729,1362}
m.        arcu             {66:34,85,107,109,121,152,154,240,240,263,317,338,343,384,395,415,432,469,482,490,554,574,575,641,646,646,656,656,660,686,702,710,762,775,783,822,825,846,868,940,945,961,980,983,1002,1018,1037,1058,1066,1095,1117,1123,1148,1157,1207,1235,1238,1254,1265,1271,1289,1300,1313,1319,1327,1333}
n.        at               {118:13,16,22,23,24,67,71,92,93,132,142,147,148,151,155,156,197,204,205,210,238,248,254,257,269,278,278,279,291,319,323,324,343,361,363,376,386,398,413,447,453,455,468,469,475,476,476,497,498,506,508,511,512,514,539,540,542,577,592,614,614,635,660,670,679,685,693,715,715,735,775,776,793,819,821,845,854,855,878,879,886,920,921,924,931,940,945,970,971,1002,1003,1007,1039,1045,1049,1071,1082,1091,1130,1131,1132,1156,1163,1174,1184,1199,1202,1221,1234,1260,1263,1272,1272,1341,1357,1361,1366,1383}
o.        auctor           {49:17,19,69,129,167,171,176,177,194,237,245,293,340,366,378,384,407,477,509,565,584,586,592,606,608,659,758,803,854,956,966,991,1000,1011,1034,1039,1045,1049,1056,1066,1073,1106,1132,1164,1246,1311,1327,1374,1381}
p.        augue            {54:22,57,57,113,129,138,142,143,183,192,228,234,245,246,247,251,254,258,329,362,378,403,415,465,504,535,567,575,581,590,615,623,624,629,644,648,661,699,735,781,796,862,887,961,992,1001,1059,1073,1087,1197,1241,1300,1346,1378}
q.        bibendum         {50:4,21,33,41,84,108,113,142,162,210,217,238,265,276,331,369,382,398,426,456,490,525,531,548,563,601,698,708,787,811,820,831,846,865,872,908,939,1002,1021,1033,1069,1081,1124,1175,1183,1250,1255,1272,1302,1307}
r.        blandit          {57:3,6,21,22,38,73,140,160,194,215,274,349,349,380,408,419,421,433,444,452,490,491,616,646,652,676,696,713,791,803,841,849,852,889,961,962,1004,1034,1036,1053,1054,1079,1144,1145,1188,1190,1190,1198,1233,1252,1255,1275,1281,1283,1313,1320,1377}
s.        class            {5:351,633,657,729,1362}
t.        commodo          {54:22,24,38,52,118,143,147,149,159,185,197,197,224,231,311,312,320,332,353,366,377,501,511,529,531,549,558,627,692,724,801,820,821,822,834,835,840,881,889,892,905,936,969,1016,1033,1066,1083,1138,1156,1235,1242,1308,1363,1374}
u.        condimentum      {53:9,39,41,63,106,134,135,137,175,187,231,236,310,368,405,418,444,456,485,516,560,580,625,675,710,710,717,758,793,842,846,895,904,920,938,970,984,986,1011,1045,1078,1091,1099,1106,1122,1140,1151,1190,1237,1250,1357,1365,1369}
v.        congue           {46:45,121,190,195,221,254,280,320,326,329,364,618,638,642,658,677,708,710,756,797,819,833,835,853,874,915,930,933,945,956,1002,1038,1085,1087,1096,1106,1123,1141,1152,1170,1218,1253,1256,1309,1315,1366}
w.        consectetur      {54:1,10,16,86,175,179,235,257,281,292,295,307,332,336,352,354,361,382,390,413,479,515,576,596,615,643,678,690,691,700,700,700,743,752,753,777,794,818,859,871,881,891,895,900,988,1017,1047,1179,1193,1222,1222,1237,1304,1335}
x.        consequat        {42:27,29,30,33,82,85,107,121,129,131,189,245,320,348,423,485,489,594,606,635,635,641,693,717,756,766,781,843,847,868,950,1007,1008,1024,1101,1173,1217,1229,1253,1300,1309,1332}
y.        conubia          {5:351,633,657,729,1362}
z.        convallis        {48:37,128,140,202,207,246,319,322,353,371,419,502,526,580,581,583,586,594,626,647,656,672,695,756,766,791,829,863,914,933,956,965,993,995,1019,1033,1058,1112,1138,1181,1187,1206,1217,1235,1236,1323,1323,1347}
aa.       Cras             {45:43,71,87,128,139,160,161,164,274,305,338,376,423,478,482,489,502,560,563,602,675,713,770,804,808,848,858,862,914,946,968,1028,1035,1056,1081,1109,1119,1170,1179,1189,1200,1220,1240,1241,1289}
bb.       cubilia          {7:306,685,812,849,879,1192,1251}
cc.       Curabitur        {42:40,67,82,116,117,170,179,293,331,340,369,449,496,518,601,614,629,665,745,750,781,782,835,856,893,904,910,924,936,1022,1058,1090,1125,1173,1203,1230,1238,1249,1256,1268,1284,1371}
dd.       curae            {7:306,685,812,849,879,1192,1251}
ee.       cursus           {35:57,73,91,109,175,189,197,201,220,221,227,266,273,295,420,509,525,660,674,721,790,817,837,841,944,1029,1043,1125,1143,1178,1243,1312,1346,1370,1372}
ff.       d                {120:5,6,9,17,28,33,38,42,51,60,64,85,89,110,112,123,166,185,215,222,230,236,258,272,296,308,313,347,352,357,398,433,452,458,461,466,489,502,524,529,535,535,544,583,612,627,632,647,647,669,706,710,717,718,733,748,798,800,807,845,846,850,852,870,877,877,889,891,900,901,910,929,929,935,937,941,950,971,974,983,1001,1001,1009,1016,1044,1053,1053,1062,1078,1078,1115,1138,1138,1151,1152,1164,1165,1183,1196,1215,1219,1230,1238,1253,1254,1267,1271,1282,1289,1317,1326,1336,1345,1346,1347,1349,1364,1369,1374,1385}
gg.       d.               {6:69,523,563,863,940,1339}
hh.       dapibus          {38:83,108,127,202,258,272,304,306,323,374,398,502,504,622,634,640,644,666,668,692,734,759,768,771,817,864,902,957,979,987,999,1008,1018,1020,1147,1180,1199,1217}
ii.       diam             {68:22,40,41,81,133,154,161,202,204,256,279,280,290,375,375,408,413,440,463,498,524,537,563,571,591,598,609,626,639,669,674,695,714,746,756,757,765,785,817,831,838,856,874,880,895,933,962,970,986,1007,1052,1072,1077,1081,1135,1141,1142,1145,1174,1189,1254,1256,1265,1291,1347,1350,1372,1384}
jj.       dictum           {52:17,69,177,217,249,274,283,311,327,330,334,380,385,392,443,469,487,502,517,542,599,648,677,741,785,791,791,794,799,806,846,847,882,902,903,921,942,1049,1069,1110,1131,1161,1164,1180,1204,1239,1254,1280,1290,1292,1309,1385}
kk.       dictumst         {3:731,896,1093}
ll.       dignissim        {42:5,11,15,55,146,204,205,216,303,319,338,347,391,430,524,537,549,560,609,656,671,713,720,816,831,850,860,879,900,947,966,987,1028,1079,1119,1156,1179,1186,1237,1311,1366,1381}
mm.       dis              {5:287,417,697,958,1136}
nn.       dolor            {52:1,31,40,68,129,130,161,163,175,260,277,281,362,397,411,444,476,479,596,616,632,678,698,715,733,745,753,777,831,859,910,959,987,988,1002,1017,1021,1053,1065,1066,1101,1198,1198,1243,1245,1266,1283,1319,1326,1331,1357,1383}
oo.       Donec            {102:3,4,15,29,49,59,73,90,92,94,120,133,154,157,193,199,227,232,240,244,251,266,277,283,290,324,330,337,355,370,375,391,406,411,414,441,459,483,486,532,533,536,541,544,550,558,572,577,582,620,622,623,642,646,649,658,677,681,683,709,720,727,740,748,752,756,769,799,817,821,842,854,855,859,882,940,956,959,995,1008,1009,1020,1021,1029,1030,1032,1041,1097,1099,1105,1114,1115,1123,1157,1172,1197,1305,1328,1335,1352,1375,1377}
pp.       dui              {74:4,19,21,33,45,52,57,82,135,165,220,238,238,283,283,300,305,309,312,319,324,336,399,408,409,418,425,444,452,463,466,508,555,559,574,594,598,671,685,702,717,748,756,765,774,795,799,818,843,844,889,921,926,950,959,961,972,1004,1015,1019,1034,1036,1039,1082,1114,1239,1271,1273,1300,1307,1322,1330,1368,1375}
qq.       duis             {43:8,74,108,113,124,125,127,282,328,382,407,462,472,485,488,490,493,555,568,571,592,643,648,689,693,701,758,774,795,851,872,966,1000,1104,1141,1154,1158,1211,1269,1270,1345,1351,1386}
rr.       efficitur        {37:23,66,121,148,164,170,177,268,293,298,300,408,465,493,541,541,589,646,648,685,768,779,793,860,1069,1139,1139,1148,1148,1179,1261,1269,1274,1352,1367,1369,1377}
ss.       egestas          {51:16,18,36,45,60,69,87,111,125,132,153,167,209,238,238,247,258,268,330,365,384,400,432,440,452,484,494,552,569,614,641,683,687,690,725,752,782,787,814,814,887,954,1013,1107,1121,1147,1202,1209,1285,1323,1381}
tt.       eget             {136:4,7,10,25,42,44,67,74,85,86,96,109,114,131,163,164,172,181,181,203,204,214,215,216,220,224,243,263,328,336,363,375,379,382,390,393,396,397,414,446,449,461,472,481,494,502,507,516,517,524,530,533,554,563,566,583,589,603,608,609,610,641,646,667,681,686,692,693,702,749,764,769,786,787,788,795,819,819,862,879,889,926,927,929,959,972,980,994,996,997,1016,1022,1032,1038,1049,1061,1062,1081,1087,1091,1113,1135,1141,1142,1144,1146,1152,1155,1168,1172,1175,1176,1183,1221,1232,1233,1248,1252,1256,1257,1262,1273,1276,1279,1281,1300,1300,1307,1311,1326,1329,1351,1361,1365,1369,1374}
uu.       eleifend         {57:27,75,75,87,94,97,122,144,168,192,264,293,303,318,409,428,430,438,455,483,509,541,550,563,574,575,736,743,748,749,800,821,825,827,831,854,872,910,910,940,951,994,1006,1109,1123,1140,1143,1145,1184,1216,1219,1231,1250,1280,1283,1336,1339}
vv.       elementum        {46:62,66,109,134,134,136,159,170,172,173,238,300,348,376,380,460,477,564,567,603,604,652,663,674,677,686,716,735,751,781,809,813,850,866,899,901,977,983,1067,1072,1138,1144,1184,1254,1258,1291}
ww.       elit             {72:1,25,28,51,73,99,129,160,167,170,218,281,294,321,322,346,348,365,392,396,413,422,426,479,486,500,502,508,518,540,542,568,596,603,652,671,678,721,733,744,753,777,806,811,836,850,852,936,946,951,954,966,971,979,988,1017,1020,1043,1055,1066,1124,1137,1148,1190,1238,1250,1253,1256,1272,1314,1337,1374}
xx.       enim             {72:6,14,19,41,44,52,69,86,92,112,121,121,128,138,214,272,292,314,426,429,444,446,452,497,518,532,579,608,609,628,642,643,669,693,701,710,721,760,786,786,793,793,798,801,826,848,861,915,917,1005,1016,1053,1062,1068,1069,1078,1112,1155,1174,1196,1235,1239,1253,1273,1306,1311,1320,1321,1324,1332,1348,1378}
yy.       erat             {76:7,21,69,69,73,88,90,129,129,154,158,249,285,288,291,347,347,378,387,409,414,414,420,444,446,450,477,488,614,630,635,641,648,649,666,715,716,780,791,804,814,828,837,841,854,872,892,923,1027,1045,1050,1055,1069,1086,1110,1114,1134,1146,1166,1169,1175,1190,1211,1217,1217,1302,1317,1340,1344,1353,1354,1361,1365,1370,1375,1376}
zz.       eros             {60:6,23,30,32,42,49,69,97,113,118,144,159,170,170,176,232,245,279,280,285,312,318,335,441,441,468,470,492,496,524,546,558,580,602,610,631,632,684,726,759,787,803,816,859,902,906,920,950,978,1076,1138,1169,1170,1263,1271,1283,1300,1315,1316,1347}
aaa.      est              {59:42,46,60,66,67,77,87,108,124,135,143,147,151,157,175,191,210,296,344,384,393,406,467,488,496,506,510,530,532,555,590,603,605,659,659,659,881,886,889,910,940,1002,1075,1076,1082,1115,1118,1150,1174,1177,1190,1196,1219,1233,1280,1297,1351,1375,1380}
bbb.      et               {163:2,4,19,29,36,54,56,65,70,82,93,100,104,111,111,121,127,129,139,146,149,152,154,164,190,199,199,200,209,209,217,223,237,255,257,260,262,272,273,285,285,287,296,300,301,305,306,336,368,389,400,400,402,410,415,417,429,429,431,438,441,475,482,496,501,505,515,518,534,537,562,563,563,594,595,598,601,607,616,622,641,643,649,649,659,665,677,680,685,687,687,694,697,702,721,725,725,744,759,768,770,782,801,811,812,813,818,841,849,870,879,895,917,925,935,942,950,954,958,962,974,979,981,1002,1006,1013,1013,1022,1040,1072,1077,1090,1095,1107,1107,1117,1124,1136,1139,1142,1169,1181,1192,1195,1232,1236,1243,1250,1251,1252,1285,1285,1295,1298,1319,1319,1330,1335,1339,1341,1341,1357,1367}
ccc.      Etiam            {48:30,36,85,109,126,191,195,221,236,255,257,270,318,327,335,341,366,401,443,451,492,499,509,563,575,589,598,618,691,844,845,895,944,972,973,984,1018,1064,1072,1156,1222,1232,1266,1272,1342,1343,1347,1359}
ddd.      eu               {135:6,33,43,69,82,85,87,96,106,107,108,116,117,125,128,129,138,140,154,157,160,169,194,201,245,245,247,254,263,265,277,297,303,305,312,313,314,316,330,344,349,350,355,359,360,378,399,406,424,424,428,440,443,456,470,484,486,487,494,509,522,547,578,591,616,658,669,672,692,701,712,716,734,740,741,751,751,759,759,763,766,789,803,806,812,814,816,842,843,844,846,868,878,890,902,919,931,932,938,986,990,992,1007,1019,1033,1035,1043,1047,1047,1055,1067,1094,1112,1118,1132,1140,1158,1160,1188,1202,1203,1221,1251,1252,1261,1265,1301,1310,1311,1337,1338,1350,1379,1380,1382}
eee.      euismod          {43:43,54,65,68,85,145,246,266,276,303,333,354,432,469,469,492,508,518,535,629,632,655,662,694,714,715,889,980,1005,1021,1059,1104,1155,1158,1183,1195,1200,1230,1259,1277,1337,1365,1370}
fff.      ex               {58:21,50,69,83,86,87,96,101,106,132,156,163,175,181,193,255,266,328,377,459,501,502,514,544,554,574,649,685,736,739,809,827,839,865,920,926,955,1028,1034,1040,1056,1100,1158,1181,1182,1184,1200,1217,1234,1239,1240,1257,1275,1290,1311,1364,1367,1369}
ggg.      facilisi         {9:241,275,394,570,619,875,975,1127,1299}
hhh.      facilisis        {53:6,42,43,69,123,154,164,165,173,206,213,219,221,245,312,409,414,443,478,482,484,498,508,514,542,615,616,645,654,660,665,668,671,708,752,793,843,860,895,989,1090,1097,1104,1157,1160,1189,1190,1206,1273,1286,1329,1338,1366}
iii.      fames            {13:111,209,223,262,400,680,687,725,925,981,1013,1107,1285}
jjj.      faucibus         {47:26,69,70,77,89,112,117,175,223,262,272,306,360,362,376,429,432,457,463,473,487,496,590,644,680,685,721,726,767,795,812,813,849,879,925,937,943,981,1019,1045,1061,1076,1133,1192,1207,1243,1251}
kkk.      felis            {55:122,152,173,175,188,220,227,235,288,291,337,349,391,404,422,449,477,491,496,515,521,563,585,593,603,610,646,721,733,761,764,805,871,885,889,892,894,895,899,985,992,998,1094,1097,1123,1160,1209,1251,1262,1263,1320,1328,1333,1341,1379}
lll.      fermentum        {52:3,25,58,101,126,137,163,188,205,212,247,267,335,353,425,465,473,486,562,565,586,594,607,642,671,674,685,707,708,709,720,737,755,827,828,862,878,884,895,912,945,992,1008,1035,1044,1096,1100,1172,1325,1328,1347,1383}
mmm.      feugiat          {31:51,110,143,188,206,269,276,277,314,329,363,458,466,477,533,788,862,894,918,929,947,1018,1040,1113,1126,1178,1196,1197,1247,1250,1264}
nnn.      finibus          {58:14,18,49,77,82,83,163,182,183,201,203,232,258,277,344,407,413,413,415,420,422,456,457,488,505,505,544,659,721,759,761,766,768,809,902,931,937,944,955,969,992,992,1004,1039,1039,1054,1143,1190,1191,1229,1263,1272,1282,1323,1347,1372,1378,1383}
ooo.      fringilla        {40:62,99,129,165,192,195,234,267,312,320,338,377,456,457,462,552,563,563,574,618,622,641,653,673,714,737,775,788,803,819,823,841,848,985,1058,1081,1154,1214,1314,1324}
ppp.      Fusce            {37:5,56,69,123,143,167,298,346,363,368,386,404,473,476,498,516,519,540,654,696,704,789,818,843,860,865,915,957,960,979,1015,1061,1195,1219,1273,1336,1364}
qqq.      gravida          {39:42,85,120,141,147,154,173,174,200,222,235,259,294,336,444,472,477,550,593,658,754,784,808,809,868,904,972,1034,1062,1171,1176,1195,1240,1255,1268,1279,1297,1308,1374}
rrr.      habitant         {8:111,209,400,687,725,1013,1107,1285}
sss.      habitasse        {3:731,896,1093}
ttt.      hac              {3:731,896,1093}
uuu.      hendrerit        {54:16,21,26,42,53,84,129,166,213,248,282,330,396,460,463,467,496,514,517,519,519,524,625,638,652,699,715,739,740,780,852,866,877,897,965,966,971,1009,1009,1020,1031,1039,1076,1122,1232,1235,1263,1268,1278,1306,1332,1333,1340,1375}
vvv.      himenaeos        {5:351,633,657,729,1362}
www.      i                {126:5,6,8,17,28,33,38,42,50,59,64,69,85,89,110,112,123,166,184,215,222,229,236,258,272,296,308,313,347,352,357,398,433,451,458,461,466,489,502,523,524,529,535,535,544,563,583,612,627,632,647,647,669,705,710,717,718,733,748,798,799,806,845,846,850,851,863,870,877,877,889,891,900,901,910,929,929,935,937,940,941,949,971,973,983,1000,1001,1009,1016,1044,1053,1053,1062,1078,1078,1115,1138,1138,1151,1152,1164,1165,1183,1196,1215,1219,1230,1238,1253,1254,1267,1271,1282,1289,1316,1326,1336,1339,1345,1346,1347,1348,1364,1369,1374,1385}
xxx.      iaculis          {53:4,7,24,30,57,58,71,82,96,116,125,188,200,212,255,278,298,305,317,346,438,442,502,509,513,610,627,640,669,681,689,736,763,782,821,890,935,950,989,999,1019,1037,1055,1069,1094,1187,1254,1262,1273,1275,1280,1283,1361}
yyy.      imperdiet        {46:14,28,31,82,90,256,314,322,334,377,387,465,506,534,564,650,660,676,681,741,745,748,755,759,809,826,838,852,863,890,917,966,972,996,1020,1032,1052,1073,1078,1105,1236,1273,1276,1290,1303,1313}
zzz.      in               {167:3,14,14,25,30,31,41,50,62,62,77,80,86,90,90,123,133,142,146,152,153,165,165,173,173,176,179,195,202,204,205,217,223,224,228,230,244,262,280,283,294,306,310,310,318,319,329,333,338,342,348,371,381,386,387,395,412,418,454,454,458,459,465,486,500,517,529,534,550,554,575,585,595,601,605,611,628,629,638,642,644,671,680,685,686,700,717,717,719,731,739,744,749,760,767,774,784,786,805,806,812,822,829,849,856,868,879,894,896,910,925,934,936,955,957,961,969,976,977,980,981,983,1003,1009,1015,1016,1021,1021,1027,1027,1030,1037,1038,1056,1069,1076,1078,1093,1094,1101,1111,1112,1115,1126,1146,1146,1150,1165,1175,1192,1217,1229,1243,1251,1264,1268,1275,1304,1305,1306,1319,1326,1329,1331,1367,1368,1381}
aaaa.     inceptos         {5:351,633,657,729,1362}
bbbb.     integer          {51:37,44,65,110,131,175,202,210,233,306,314,343,352,353,367,379,409,420,428,440,491,500,501,564,574,579,655,669,703,721,737,741,755,757,759,768,778,794,938,1023,1049,1122,1152,1188,1223,1250,1261,1330,1334,1368,1369}
cccc.     interdum         {56:29,43,74,105,129,136,136,147,156,161,167,182,189,214,223,262,312,331,341,358,370,443,470,475,476,480,488,490,568,680,718,733,773,774,775,795,808,919,925,944,981,1005,1022,1133,1135,1147,1196,1274,1278,1287,1289,1295,1314,1318,1339,1364}
dddd.     ipsum            {76:1,3,47,82,89,93,166,168,185,195,210,223,237,262,281,286,304,306,315,319,322,338,377,387,398,407,428,479,504,509,526,544,596,612,621,628,646,656,663,678,679,680,685,692,714,728,743,751,752,753,777,789,795,812,833,834,849,879,915,925,981,988,1003,1017,1035,1077,1155,1163,1170,1192,1233,1251,1273,1282,1289,1347}
eeee.     justo            {67:4,29,60,94,113,154,176,202,237,266,267,293,293,296,305,314,318,333,340,363,380,386,456,475,475,484,507,519,557,564,614,618,621,681,691,694,701,733,739,766,783,828,835,835,840,887,934,935,959,970,982,1020,1038,1039,1069,1096,1148,1167,1185,1204,1217,1250,1270,1297,1304,1339,1374}
ffff.     lacinia          {44:91,122,302,343,363,379,381,395,403,440,449,464,514,522,533,543,543,623,656,670,684,721,743,765,770,813,841,847,861,866,903,924,934,1002,1006,1055,1083,1115,1163,1222,1227,1228,1262,1312}
gggg.     lacus            {60:32,65,69,73,92,167,176,228,230,273,308,320,377,386,390,444,490,497,516,535,566,594,622,631,641,665,677,684,743,761,761,767,892,892,911,915,952,974,987,993,1005,1005,1030,1031,1072,1091,1183,1197,1219,1234,1290,1323,1323,1336,1336,1343,1344,1351,1367,1368}
hhhh.     laoreet          {54:141,169,170,176,187,230,246,248,256,282,308,328,335,347,373,410,415,426,436,495,506,536,585,593,595,599,646,659,670,716,717,719,722,774,801,801,811,830,911,915,952,959,998,999,1036,1075,1092,1119,1197,1208,1297,1328,1332,1355}
iiii.     lectus           {59:6,7,24,80,96,106,171,217,220,232,250,279,300,309,323,334,442,461,469,493,508,517,524,618,634,746,756,759,776,801,801,808,816,823,845,928,976,999,1004,1029,1031,1059,1065,1069,1087,1126,1138,1236,1238,1250,1251,1272,1274,1276,1283,1309,1341,1377,1377}
jjjj.     leo              {52:5,57,82,132,137,144,154,157,173,192,192,258,327,336,363,397,410,421,488,512,574,638,641,642,645,667,668,669,710,717,744,749,751,764,771,807,811,872,873,879,1003,1047,1079,1096,1159,1185,1193,1229,1282,1347,1364,1384}
kkkk.     libero           {73:15,137,142,147,163,164,167,197,228,264,274,289,289,296,323,346,362,377,418,425,428,432,434,449,453,455,486,498,511,551,616,635,683,688,696,712,794,809,810,841,842,854,878,899,908,919,924,924,941,980,1022,1026,1027,1043,1053,1073,1085,1138,1145,1157,1186,1198,1224,1243,1249,1254,1260,1296,1305,1314,1323,1323,1326}
llll.     ligula           {65:6,11,57,71,105,120,148,228,238,259,269,289,311,319,320,327,343,348,366,384,453,454,480,517,543,566,575,599,601,602,626,636,649,692,692,692,734,750,771,775,787,814,819,820,820,834,872,904,972,977,1034,1049,1056,1106,1115,1126,1154,1154,1165,1167,1229,1250,1355,1378,1383}
mmmm.     litora           {5:351,633,657,729,1362}
nnnn.     lobortis         {50:45,55,92,144,149,192,207,224,232,264,336,386,397,399,431,438,446,506,586,598,643,654,706,719,751,760,762,785,788,799,825,828,844,913,939,947,979,1023,1032,1054,1077,1082,1158,1177,1181,1186,1229,1313,1318,1367}
oooo.     lorem            {64:1,19,55,113,127,130,144,163,163,211,216,228,261,267,281,363,370,377,399,413,430,479,481,508,509,548,596,610,614,646,652,678,686,691,692,753,777,860,860,865,897,901,903,935,940,947,983,988,994,1005,1007,1017,1027,1064,1122,1135,1139,1300,1303,1314,1315,1341,1347,1369}
pppp.     luctus           {52:5,17,41,45,55,142,218,220,291,306,319,359,415,431,458,487,505,525,601,625,649,685,691,740,766,776,793,812,818,828,848,849,853,879,916,918,985,1016,1031,1037,1039,1055,1084,1121,1173,1192,1201,1217,1239,1251,1284,1331}
qqqq.     Maecenas         {50:17,18,26,41,151,153,206,208,229,234,250,254,269,304,309,323,360,396,419,430,468,470,495,525,542,632,645,663,714,739,824,850,861,890,929,962,992,1007,1045,1069,1083,1087,1144,1147,1151,1160,1209,1308,1314,1324}
rrrr.     magna            {58:5,11,54,69,83,145,190,216,230,233,326,331,357,358,364,385,388,397,399,438,454,459,492,515,531,563,565,566,588,641,646,706,717,757,766,774,775,795,808,809,832,848,917,937,985,994,996,1015,1038,1054,1073,1117,1170,1181,1193,1230,1264,1364}
ssss.     magnis           {5:287,417,697,958,1136}
tttt.     malesuada        {57:56,81,111,112,209,215,223,246,259,259,262,263,331,335,400,488,504,521,588,592,598,607,652,662,680,682,687,696,725,746,749,757,816,858,913,925,966,981,1013,1028,1035,1049,1069,1107,1114,1117,1137,1148,1174,1206,1216,1221,1242,1252,1279,1285,1367}
uuuu.     massa            {65:10,14,28,36,43,64,89,110,123,139,146,147,160,170,177,192,196,214,278,293,323,324,347,378,380,452,458,476,491,506,527,529,531,550,563,571,584,592,614,638,766,788,861,877,969,1009,1046,1099,1129,1149,1189,1202,1203,1217,1228,1237,1258,1267,1278,1298,1329,1352,1364,1370,1370}
vvvv.     mattis           {48:18,41,51,60,76,77,101,108,122,154,155,156,168,206,271,318,385,408,418,428,437,446,453,466,496,554,588,593,672,710,735,781,817,848,926,951,952,960,964,1038,1043,1061,1072,1154,1170,1203,1301,1336}
wwww.     mauris           {103:25,69,76,83,84,107,112,123,148,170,171,188,199,201,238,244,265,300,302,312,383,386,395,419,419,421,433,445,445,463,464,470,475,484,509,512,513,516,527,531,536,541,543,551,559,576,581,607,623,624,636,644,647,662,676,683,702,728,769,781,784,791,801,813,841,892,901,902,913,915,930,942,945,954,970,993,1002,1005,1009,1012,1033,1047,1065,1069,1070,1092,1112,1135,1165,1176,1196,1206,1214,1228,1236,1246,1262,1292,1302,1313,1314,1343,1370}
xxxx.     maximus          {40:47,146,147,288,295,301,323,343,362,385,387,391,475,508,530,607,620,696,726,758,760,824,929,935,948,960,983,1040,1047,1077,1077,1160,1173,1211,1300,1303,1305,1321,1323,1333}
yyyy.     metus            {79:7,9,22,27,30,38,58,62,85,140,156,186,204,211,276,295,295,347,350,360,390,406,431,460,478,514,533,534,541,585,590,597,610,627,643,667,704,720,756,759,779,793,796,812,831,841,844,849,855,891,911,947,953,959,983,1041,1044,1045,1045,1053,1070,1087,1131,1142,1168,1206,1216,1254,1261,1263,1275,1303,1314,1335,1347,1357,1364,1367,1382}
zzzz.     mi               {66:56,65,82,100,142,155,155,165,245,254,259,266,268,273,298,330,338,343,353,376,377,382,405,413,423,460,481,508,537,563,583,589,627,660,662,743,761,786,817,887,916,938,955,998,1014,1052,1055,1071,1072,1075,1087,1090,1102,1106,1130,1172,1172,1226,1229,1250,1300,1304,1311,1329,1333,1370}
aaaaa.    molestie         {39:6,52,53,57,141,167,200,318,324,347,386,398,419,436,463,560,568,582,585,610,617,684,702,724,734,742,797,854,905,989,1029,1072,1076,1205,1238,1271,1304,1326,1384}
bbbbb.    mollis           {35:86,160,170,171,177,192,228,285,347,385,418,499,674,685,691,701,768,775,842,854,879,892,913,924,1075,1094,1115,1138,1171,1177,1260,1264,1293,1344,1369}
ccccc.    montes           {5:287,417,697,958,1136}
ddddd.    Morbi            {53:52,63,81,102,106,111,171,197,209,211,212,220,237,332,348,354,393,400,413,433,469,511,591,617,685,687,688,698,725,728,766,816,820,849,948,961,965,985,1013,1014,1020,1071,1076,1091,1107,1178,1224,1258,1285,1297,1320,1348,1378}
eeeee.    mus              {5:287,417,697,958,1136}
fffff.    Nam              {38:89,194,291,320,342,381,398,410,437,446,480,538,599,652,690,735,776,803,812,826,846,868,870,879,884,1024,1031,1038,1040,1052,1133,1254,1257,1260,1263,1283,1323,1327}
ggggg.    nascetur         {5:287,417,697,958,1136}
hhhhh.    natoque          {5:287,417,697,958,1136}
iiiii.    nec              {121:21,25,28,34,52,58,60,68,73,87,101,107,113,118,130,137,141,142,156,160,161,166,177,182,193,234,239,289,294,300,320,321,327,333,334,337,377,380,383,388,396,398,435,438,444,446,453,456,482,498,512,515,517,526,529,529,531,592,600,621,623,628,645,654,655,662,662,693,736,743,765,778,779,795,804,815,816,820,835,844,863,872,899,907,918,947,948,963,984,994,1005,1023,1031,1032,1041,1066,1071,1097,1099,1106,1123,1157,1162,1169,1182,1190,1199,1226,1239,1251,1265,1269,1306,1321,1331,1334,1340,1363,1364,1368,1371}
jjjjj.    neque            {72:63,66,67,69,93,125,173,177,218,222,246,256,265,272,304,318,320,341,347,410,472,477,484,488,509,510,529,549,553,579,585,622,623,625,625,641,644,710,716,763,785,815,826,845,901,911,1012,1018,1040,1056,1066,1069,1082,1095,1156,1169,1177,1180,1183,1204,1217,1231,1248,1268,1297,1301,1303,1323,1339,1368,1369,1383}
kkkkk.    netus            {8:111,209,400,687,725,1013,1107,1285}
lllll.    nibh             {59:17,53,99,110,127,153,234,243,247,247,267,329,388,433,437,447,484,560,563,563,594,614,641,643,703,714,717,755,813,858,859,870,881,938,942,948,954,1003,1008,1009,1021,1045,1045,1126,1137,1144,1154,1160,1171,1219,1232,1236,1250,1260,1262,1293,1306,1357,1365}
mmmmm.    nisi             {80:3,28,43,53,57,98,101,105,110,115,116,117,119,173,181,188,195,216,263,265,278,292,293,296,298,318,328,353,357,361,364,396,419,422,460,472,474,492,515,515,537,614,654,742,743,755,761,778,797,861,862,882,894,907,910,931,959,964,972,1016,1031,1035,1044,1078,1097,1106,1119,1119,1152,1164,1171,1209,1215,1218,1233,1245,1282,1331,1334,1363}
nnnnn.    nisl             {66:9,21,26,29,40,68,91,96,131,141,147,182,190,190,192,206,264,273,307,313,317,328,354,356,376,390,395,464,502,512,515,519,522,529,586,590,643,647,668,677,708,736,813,827,841,861,913,932,966,1009,1055,1109,1113,1141,1190,1221,1272,1272,1291,1298,1301,1338,1345,1367,1374,1374}
ooooo.    non              {126:15,22,27,33,40,43,69,89,94,97,98,107,113,120,126,129,144,148,151,211,218,231,249,259,264,267,274,289,292,297,298,311,314,345,353,367,385,386,393,460,478,483,488,492,493,501,505,515,527,531,554,565,568,585,590,597,606,622,626,636,655,669,696,699,710,741,741,750,756,762,793,797,810,820,823,834,839,840,848,852,860,882,884,892,904,959,964,968,979,982,984,1009,1012,1029,1057,1070,1099,1102,1118,1119,1120,1131,1143,1171,1193,1196,1207,1209,1230,1235,1258,1271,1278,1282,1297,1303,1318,1346,1347,1355,1365,1367,1371,1372,1375,1384}
ppppp.    nostra           {5:351,633,657,729,1362}
qqqqq.    nulla            {107:2,16,17,20,21,21,26,31,41,52,57,77,85,119,126,130,142,165,184,188,200,218,218,239,241,265,275,277,283,285,285,290,295,316,362,370,371,380,381,394,411,422,444,445,455,487,499,506,563,566,570,600,601,603,616,619,642,654,676,698,767,773,782,809,811,830,844,853,875,878,887,900,915,948,949,975,976,997,999,1077,1087,1087,1127,1138,1140,1143,1157,1162,1199,1239,1244,1279,1280,1281,1297,1299,1303,1305,1312,1314,1322,1332,1339,1339,1352,1356,1364}
rrrrr.    nullam           {51:22,32,76,112,122,181,187,190,218,243,297,359,372,402,436,447,460,484,504,514,547,552,627,653,667,679,699,719,724,780,790,793,894,917,919,1006,1053,1074,1096,1121,1196,1198,1199,1210,1231,1248,1309,1318,1325,1353,1380}
sssss.    nunc             {108:27,29,43,53,69,91,147,151,159,171,189,216,219,219,257,263,266,278,279,280,297,319,325,332,349,349,408,413,426,437,440,441,466,507,521,524,567,571,578,584,585,589,598,611,634,649,655,686,693,693,700,715,722,723,734,739,741,743,751,759,761,765,785,791,793,793,806,823,836,839,842,861,877,899,901,906,931,951,979,985,1009,1011,1023,1045,1049,1106,1111,1113,1118,1120,1124,1126,1138,1175,1176,1184,1195,1205,1216,1237,1240,1246,1292,1298,1334,1344,1355,1372}
ttttt.    odio             {75:43,56,58,63,90,94,106,110,138,147,154,155,172,270,301,343,345,347,363,412,415,432,455,465,465,468,483,533,538,556,562,563,572,585,588,592,644,689,718,743,743,768,779,803,819,821,839,891,899,951,961,1020,1029,1036,1043,1075,1084,1091,1124,1138,1152,1156,1165,1182,1190,1191,1202,1223,1230,1248,1305,1364,1366,1367,1371}
uuuuu.    orci             {63:10,11,71,97,127,160,199,228,238,282,287,306,326,327,329,336,379,401,417,509,525,535,544,592,632,685,697,708,710,723,759,812,834,842,849,868,879,884,914,931,957,958,999,1002,1021,1046,1062,1136,1162,1192,1211,1240,1245,1251,1269,1278,1279,1280,1291,1318,1328,1336,1385}
vvvvv.    ornare           {48:29,34,49,57,126,145,298,307,318,343,344,361,396,413,426,441,473,474,535,544,546,560,579,611,629,690,739,761,771,853,869,955,994,1003,1027,1045,1045,1055,1066,1070,1109,1207,1211,1227,1290,1342,1350,1384}
wwwww.    parturient       {5:287,417,697,958,1136}
xxxxx.    pellentesque     {93:23,34,40,54,64,80,92,93,100,111,115,121,144,168,177,209,217,243,254,268,280,304,320,358,364,377,392,400,434,460,462,466,492,505,541,563,571,571,589,594,604,610,611,636,661,687,703,724,725,764,775,794,814,820,823,825,828,829,832,838,863,885,892,892,919,939,945,980,1013,1048,1062,1087,1107,1118,1120,1142,1156,1168,1177,1198,1207,1211,1251,1265,1271,1285,1302,1314,1361,1364,1366,1367,1378}
yyyyy.    penatibus        {5:287,417,697,958,1136}
zzzzz.    per              {10:351,351,633,633,657,657,729,729,1362,1362}
aaaaaa.   pharetra         {50:6,11,21,123,147,174,211,228,240,278,310,333,364,387,397,403,441,454,481,492,498,543,563,578,609,709,712,722,798,827,830,855,855,865,880,903,916,939,961,1005,1009,1098,1119,1146,1206,1209,1223,1230,1231,1331}
bbbbbb.   phasellus        {44:20,27,39,47,96,97,134,135,145,166,169,318,334,344,345,361,431,466,548,597,672,712,762,827,833,837,877,885,908,926,952,964,978,1100,1139,1148,1171,1184,1212,1216,1242,1255,1365,1374}
cccccc.   placerat         {44:20,54,106,106,154,319,329,338,347,366,422,445,452,455,461,476,491,527,558,607,627,636,639,641,686,716,720,829,838,954,1036,1046,1066,1091,1114,1126,1133,1169,1205,1238,1251,1289,1300,1314}
dddddd.   platea           {3:731,896,1093}
eeeeee.   porta            {63:37,43,81,98,123,132,137,162,183,199,228,235,244,246,263,293,298,324,357,357,374,377,411,414,449,472,508,510,522,531,541,559,622,634,663,681,682,695,704,714,761,782,785,856,884,897,927,964,987,1097,1148,1167,1186,1193,1203,1250,1267,1272,1315,1324,1326,1347,1368}
ffffff.   porttitor        {44:7,9,56,57,101,115,135,160,194,240,278,285,297,302,304,369,383,413,437,454,507,550,568,650,653,728,735,764,765,773,815,887,899,931,948,964,993,1015,1048,1096,1212,1251,1269,1380}
gggggg.   posuere          {49:10,43,93,95,105,115,185,235,251,292,306,341,396,486,510,592,598,614,649,675,683,685,685,728,739,751,812,849,879,886,994,996,1018,1024,1027,1043,1055,1066,1071,1078,1104,1137,1181,1192,1238,1250,1251,1291,1319}
hhhhhh.   potenti          {15:78,150,225,252,299,520,573,730,738,772,802,1025,1060,1108,1116}
iiiiii.   Praesent         {39:98,99,104,132,138,183,259,278,296,301,329,405,461,467,583,639,650,682,723,788,822,912,933,977,1019,1026,1037,1059,1129,1164,1180,1181,1201,1233,1252,1254,1277,1301,1350}
jjjjjj.   pretium          {44:7,161,249,273,318,332,361,370,405,455,474,513,515,566,580,665,670,709,723,727,734,741,744,757,787,791,819,957,976,991,1028,1070,1087,1167,1210,1279,1281,1315,1323,1328,1341,1352,1355,1358}
kkkkkk.   primis           {12:223,262,306,680,685,812,849,879,925,981,1192,1251}
llllll.   proin            {42:10,28,38,70,214,256,272,358,365,425,494,526,590,606,631,661,684,726,796,815,831,832,866,874,891,900,937,947,1003,1036,1167,1169,1175,1204,1227,1243,1264,1306,1307,1333,1344,1363}
mmmmmm.   pulvinar         {43:11,74,92,137,137,204,233,236,239,331,378,384,409,445,463,467,491,502,557,559,623,646,656,684,692,723,726,740,823,826,832,926,994,1018,1040,1045,1055,1159,1167,1187,1217,1248,1372}
nnnnnn.   purus            {61:11,11,43,47,70,71,94,106,125,139,152,156,156,192,195,207,235,259,326,331,349,383,438,444,455,467,505,508,513,515,566,572,614,636,640,645,645,646,663,663,742,746,791,828,866,916,965,1055,1066,1089,1095,1118,1138,1179,1199,1207,1286,1290,1295,1323,1349}
oooooo.   quam             {51:74,82,97,117,206,215,228,247,305,310,321,352,391,402,494,599,617,624,668,670,696,716,723,760,778,816,835,865,884,927,938,955,1029,1035,1047,1061,1125,1132,1143,1143,1189,1193,1210,1254,1270,1277,1314,1332,1351,1366,1367}
pppppp.   quis             {100:6,10,16,63,69,70,76,110,128,140,147,163,183,185,220,224,238,279,305,310,335,346,354,365,385,392,401,418,419,421,426,464,475,475,518,538,553,560,567,589,610,617,618,623,645,684,685,691,693,710,714,721,758,775,780,796,808,859,859,860,861,885,897,900,914,924,927,937,952,959,965,987,998,999,999,1020,1029,1044,1082,1085,1159,1177,1179,1183,1189,1204,1209,1217,1238,1249,1252,1276,1311,1314,1326,1327,1343,1375,1377,1383}
qqqqqq.   quisque          {35:24,33,46,64,79,146,156,245,246,258,307,389,412,549,567,635,674,708,746,873,897,903,1004,1046,1055,1068,1085,1102,1145,1155,1161,1291,1332,1366,1384}
rrrrrr.   rhoncus          {49:9,54,97,102,130,138,163,168,261,279,300,329,342,390,406,422,435,493,542,620,632,640,732,748,781,790,824,845,865,868,904,1012,1030,1048,1110,1114,1132,1151,1174,1175,1189,1202,1247,1256,1282,1306,1352,1366,1382}
ssssss.   ridiculus        {5:287,417,697,958,1136}
tttttt.   risus            {80:3,16,77,102,126,163,173,183,194,197,201,205,210,224,232,270,280,285,307,318,334,344,344,386,395,443,444,446,447,462,488,494,502,502,515,547,569,582,595,620,655,715,760,776,797,814,892,902,926,929,946,970,978,983,987,997,1002,1032,1033,1039,1055,1067,1071,1082,1132,1156,1203,1221,1224,1232,1246,1252,1272,1284,1295,1308,1318,1347,1353,1380}
uuuuuu.   rutrum           {55:20,95,277,282,284,333,358,364,392,399,406,433,447,464,507,558,566,583,584,585,590,614,649,743,841,845,862,865,878,893,902,912,917,1001,1006,1031,1046,1070,1071,1090,1119,1135,1165,1165,1193,1216,1233,1246,1248,1254,1281,1290,1301,1322,1342}
vvvvvv.   sagittis         {48:40,96,143,173,183,266,291,346,441,470,512,515,518,585,590,659,719,737,749,764,786,789,794,805,814,835,840,977,1064,1066,1070,1089,1124,1142,1152,1155,1203,1245,1259,1282,1291,1291,1300,1301,1327,1336,1341,1364}
wwwwww.   sapien           {62:11,21,31,68,82,146,183,211,220,258,277,286,304,314,320,330,361,404,405,409,464,465,469,486,488,489,502,539,605,628,647,662,674,696,740,795,812,819,822,827,858,884,915,918,959,959,986,1044,1047,1057,1069,1076,1139,1168,1190,1250,1272,1307,1322,1331,1372,1381}
xxxxxx.   scelerisque      {42:93,99,100,116,117,163,211,213,214,232,233,274,297,313,318,318,367,453,469,517,560,575,671,716,779,822,907,908,928,930,970,982,1002,1067,1186,1188,1196,1272,1292,1300,1331,1333}
yyyyyy.   Sed              {189:6,9,17,20,25,31,40,53,55,65,67,77,84,84,95,97,102,107,127,135,137,141,142,147,170,171,206,215,216,218,222,227,228,228,228,230,234,234,238,258,267,267,282,284,286,288,290,291,292,293,293,320,324,340,348,371,373,381,384,390,395,399,429,432,447,447,456,457,464,465,474,475,484,499,502,508,515,527,532,536,541,549,553,556,556,565,572,572,586,602,615,616,616,626,640,643,659,660,671,673,683,698,698,707,723,726,754,767,771,771,785,806,809,825,827,832,837,889,892,892,899,905,907,911,915,924,934,938,954,983,985,989,990,991,992,1002,1027,1027,1028,1067,1076,1089,1095,1100,1101,1104,1117,1130,1131,1132,1140,1148,1159,1167,1177,1180,1181,1185,1190,1191,1204,1204,1218,1223,1224,1234,1235,1245,1256,1272,1274,1276,1296,1297,1300,1308,1319,1321,1324,1326,1331,1332,1332,1333,1342,1352,1378,1382,1383}
zzzzzz.   sem              {58:33,60,63,146,148,173,186,193,196,234,271,272,318,335,336,372,373,402,406,413,436,527,547,583,584,692,740,761,770,841,842,848,852,863,866,866,892,915,924,964,984,1002,1007,1045,1046,1049,1055,1078,1081,1092,1140,1148,1186,1202,1252,1253,1300,1317}
aaaaaaa.  semper           {44:7,13,113,131,188,324,334,337,370,382,390,401,462,474,488,527,540,576,595,642,679,702,750,827,837,853,880,930,940,976,1024,1073,1083,1102,1123,1204,1218,1260,1271,1282,1293,1296,1357,1380}
bbbbbbb.  senectus         {8:111,209,400,687,725,1013,1107,1285}
ccccccc.  sit              {125:1,7,11,19,23,26,33,42,56,66,68,80,83,97,107,145,155,170,188,188,232,236,237,240,245,251,270,280,281,283,293,307,326,328,328,329,349,391,395,403,431,432,436,440,441,455,474,479,490,493,535,543,571,574,584,596,602,623,636,636,639,646,656,661,663,669,678,683,696,728,740,743,753,757,764,777,791,794,801,816,818,841,849,853,854,863,884,908,934,935,938,948,954,961,964,972,988,1008,1017,1024,1044,1044,1052,1055,1056,1059,1073,1084,1090,1095,1097,1114,1121,1132,1137,1139,1145,1186,1196,1266,1277,1301,1314,1315,1322}
ddddddd.  sociosqu         {5:351,633,657,729,1362}
eeeeeee.  sodales          {46:13,52,64,110,113,133,207,266,284,296,296,369,407,408,447,472,498,505,529,536,569,588,602,647,650,668,720,869,891,902,920,959,1020,1047,1079,1082,1085,1157,1161,1183,1208,1208,1226,1259,1264,1367}
fffffff.  sollicitudin     {52:73,75,81,90,109,138,146,270,280,322,330,403,434,442,444,449,452,494,512,517,527,534,538,581,602,658,673,689,695,708,723,727,761,768,844,881,915,982,985,1042,1058,1078,1092,1099,1145,1172,1198,1235,1274,1305,1307,1321}
ggggggg.  suscipit         {51:14,21,27,39,47,99,152,159,216,267,268,301,323,362,393,411,460,488,552,601,602,677,714,743,761,765,767,773,776,830,877,912,935,963,976,986,998,1007,1009,1057,1068,1074,1095,1098,1105,1138,1141,1184,1189,1337,1351}
hhhhhhh.  suspendisse      {63:7,45,57,78,118,150,207,225,231,252,261,276,299,364,373,378,380,421,426,442,508,520,535,543,546,573,612,625,634,668,676,716,730,733,738,744,772,787,798,802,864,935,963,971,999,1002,1025,1060,1108,1110,1116,1140,1163,1187,1190,1206,1259,1278,1282,1294,1341,1355,1385}
iiiiiii.  taciti           {5:351,633,657,729,1362}
jjjjjjj.  tellus           {68:50,114,118,129,131,164,170,170,201,231,238,238,239,257,277,284,303,319,326,334,342,347,372,377,398,412,422,424,438,461,491,499,509,544,575,607,650,759,784,806,820,859,870,927,929,935,937,948,954,974,984,990,1009,1009,1038,1070,1091,1111,1132,1139,1154,1183,1189,1211,1269,1319,1325,1331}
kkkkkkk.  tempor           {43:37,68,69,119,151,156,208,283,344,346,420,424,436,453,481,543,557,632,636,682,774,861,864,886,910,911,913,968,982,1109,1137,1158,1170,1182,1197,1204,1240,1266,1278,1305,1345,1345,1371}
lllllll.  tempus           {36:11,118,119,190,211,228,259,283,340,384,408,498,510,544,559,571,672,785,822,836,849,862,870,873,892,955,1022,1124,1162,1182,1191,1221,1231,1240,1271,1371}
mmmmmmm.  tincidunt        {95:25,31,105,107,114,127,154,181,183,201,208,210,224,230,272,276,296,301,305,315,317,338,399,401,409,413,437,458,496,516,537,538,554,565,578,603,636,645,661,668,669,688,692,692,714,733,742,743,746,755,759,780,786,786,804,826,848,858,880,886,899,940,954,959,993,1029,1044,1053,1056,1062,1074,1095,1115,1126,1142,1161,1164,1170,1181,1199,1212,1219,1245,1254,1263,1265,1275,1291,1314,1319,1335,1346,1355,1358,1361}
nnnnnnn.  torquent         {5:351,633,657,729,1362}
ooooooo.  tortor           {62:9,11,25,40,79,95,129,136,144,149,153,171,185,199,200,201,203,235,300,313,314,319,319,330,344,349,440,447,449,456,466,500,518,594,642,647,656,675,675,698,740,741,752,761,823,833,845,852,861,893,906,912,914,992,1031,1042,1148,1263,1301,1336,1352,1382}
ppppppp.  tristique        {58:15,15,21,68,96,111,161,165,201,209,212,216,240,295,334,350,378,400,432,465,484,495,572,595,598,623,641,643,687,725,742,769,795,841,868,872,882,911,915,983,986,991,1003,1013,1041,1107,1122,1129,1178,1189,1246,1267,1285,1287,1308,1317,1329,1350}
qqqqqqq.  turpis           {71:2,38,46,87,96,99,111,154,163,209,236,244,260,261,285,306,353,385,400,472,492,502,505,531,560,577,586,586,592,606,634,672,674,684,687,725,741,748,768,786,794,803,818,854,860,890,934,936,963,990,1013,1020,1024,1040,1057,1066,1079,1079,1107,1146,1152,1156,1188,1241,1248,1249,1260,1285,1339,1342,1367}
rrrrrrr.  ullamcorper      {51:6,13,28,60,67,127,163,171,240,256,257,284,313,314,318,320,328,367,381,395,457,515,529,534,540,551,563,576,618,628,639,710,713,844,859,861,873,884,894,933,965,984,1026,1049,1082,1087,1174,1201,1323,1351,1364}
sssssss.  ultrices         {45:11,152,192,270,306,322,324,349,386,393,480,495,501,507,546,563,584,614,629,645,646,673,685,732,739,812,822,842,849,879,903,926,995,1035,1042,1117,1141,1175,1192,1195,1251,1263,1301,1368,1382}
ttttttt.  ultricies        {53:23,40,67,74,80,82,91,94,160,190,197,218,220,261,319,328,340,374,406,453,467,470,601,603,622,654,679,707,832,901,911,915,960,968,1030,1037,1091,1131,1148,1199,1202,1203,1215,1231,1318,1322,1328,1341,1344,1344,1375,1380,1383}
uuuuuuu.  urna             {57:13,16,23,33,43,107,159,169,173,192,224,345,361,398,415,420,431,472,508,509,516,534,553,554,580,626,639,658,692,793,817,837,841,861,868,885,897,937,952,984,986,994,1006,1007,1081,1096,1097,1123,1123,1188,1195,1231,1307,1316,1326,1355,1359}
vvvvvvv.  ut               {154:6,13,20,21,21,30,51,52,53,57,72,84,95,105,118,143,144,163,173,178,181,191,216,248,268,271,286,298,313,315,323,326,332,343,357,358,377,405,422,442,445,466,467,499,504,509,510,513,537,538,556,564,580,586,588,588,593,608,609,634,660,666,666,670,676,695,701,708,718,736,747,761,763,803,804,805,809,831,848,858,861,871,873,880,888,895,916,916,928,928,930,943,946,953,957,966,970,972,976,978,987,998,1004,1011,1018,1018,1020,1034,1036,1040,1045,1046,1064,1066,1068,1070,1079,1082,1089,1106,1110,1124,1129,1135,1148,1173,1182,1193,1198,1208,1215,1216,1229,1236,1245,1253,1280,1280,1283,1286,1287,1289,1290,1295,1305,1307,1315,1316,1317,1319,1327,1329,1357,1378}
wwwwwww.  varius           {48:83,95,162,173,187,210,237,238,251,287,326,348,417,444,481,481,482,510,567,594,597,604,628,653,697,733,748,762,808,810,858,870,916,958,996,1048,1053,1075,1098,1112,1136,1174,1203,1232,1260,1267,1277,1379}
xxxxxxx.  vehicula         {56:5,19,28,32,50,64,67,71,117,148,152,170,173,181,250,289,305,397,515,539,575,593,606,610,626,663,779,833,835,845,859,877,897,919,959,968,984,987,1011,1038,1061,1102,1111,1122,1152,1152,1239,1268,1272,1292,1302,1339,1350,1369,1377,1378}
yyyyyyy.  vel              {123:11,47,53,57,63,73,81,99,106,112,126,130,152,159,163,182,192,246,250,251,265,266,279,283,292,304,309,319,344,347,357,371,406,409,411,422,428,432,437,466,470,480,488,491,491,504,508,516,519,533,548,566,569,574,579,581,584,632,635,642,647,659,674,676,677,679,684,715,766,771,776,786,797,803,817,827,828,829,831,833,866,880,885,906,930,931,938,951,972,1005,1014,1030,1047,1056,1067,1069,1069,1075,1079,1092,1096,1143,1151,1170,1170,1172,1174,1185,1190,1200,1248,1254,1260,1262,1270,1273,1283,1290,1296,1309,1313,1322,1364}
zzzzzzz.  velit            {77:42,43,77,79,82,93,95,147,155,179,215,224,230,233,261,292,293,310,333,335,348,359,368,385,408,413,457,482,487,495,505,516,517,602,627,627,661,677,691,708,710,719,742,748,765,822,838,846,877,884,897,905,913,929,957,964,968,971,979,1042,1046,1061,1066,1075,1120,1145,1151,1173,1175,1190,1204,1272,1280,1323,1328,1335,1359}
aaaaaaaa. venenatis        {44:53,80,89,114,116,131,144,149,175,176,243,244,292,410,421,425,449,519,537,554,579,616,676,693,707,837,846,853,937,948,1015,1021,1056,1118,1132,1180,1227,1245,1276,1303,1307,1330,1344,1358}
bbbbbbbb. Vestibulum       {89:11,63,68,69,83,94,123,127,153,158,166,172,174,182,196,199,205,235,249,264,303,306,327,327,350,358,362,371,395,399,419,424,454,521,530,569,569,581,609,612,615,632,647,676,685,692,706,728,751,780,812,816,834,847,849,879,881,918,926,936,953,955,974,984,1031,1046,1059,1073,1084,1091,1097,1098,1102,1105,1117,1137,1138,1174,1192,1212,1251,1253,1269,1281,1304,1312,1324,1337,1338}
cccccccc. vitae            {144:19,26,37,55,58,63,73,82,86,91,124,136,138,138,138,165,167,168,171,190,192,192,195,196,201,202,207,208,210,219,233,234,248,261,261,264,279,289,307,317,319,323,341,347,353,362,372,377,387,399,408,410,413,444,445,470,495,510,525,559,586,588,590,600,607,624,631,640,644,661,662,665,691,692,703,715,733,742,765,767,793,794,801,817,825,836,842,861,865,871,874,893,894,897,910,911,917,924,948,970,986,998,1004,1027,1034,1035,1042,1054,1058,1059,1066,1072,1073,1092,1096,1109,1121,1126,1171,1191,1197,1211,1219,1233,1235,1240,1241,1250,1260,1280,1292,1293,1302,1303,1303,1328,1333,1333,1335,1347,1351,1357,1370,1375}
dddddddd. vivamus          {39:2,42,101,149,155,159,186,213,247,273,308,377,385,388,397,424,477,481,539,662,736,743,779,819,892,921,927,986,994,1054,1057,1186,1202,1207,1229,1247,1253,1274,1292}
eeeeeeee. viverra          {46:3,41,43,70,71,124,231,243,247,265,327,346,386,392,429,447,462,508,535,540,722,740,754,754,787,843,861,869,878,936,941,959,961,1003,1057,1081,1139,1146,1169,1240,1242,1248,1295,1314,1347,1384}
ffffffff. volutpat         {50:3,16,88,99,145,191,195,269,302,367,391,450,485,513,563,579,604,612,615,630,634,716,757,762,787,790,834,918,923,927,938,970,995,1046,1050,1052,1079,1086,1134,1166,1205,1224,1328,1345,1349,1349,1351,1352,1354,1376}
gggggggg. vulputate        {42:39,94,130,218,273,279,289,293,311,346,348,434,440,442,461,524,527,588,626,662,666,666,698,727,744,759,901,926,971,974,1002,1007,1052,1087,1095,1126,1155,1157,1219,1246,1277,1293}
